id,price
0,3482.2057902800098
1,11363.079311111112
2,11531.16912874903
3,3186.900838011696
4,3665.0598309523807
5,3572.8542146187156
6,2897.0018905970533
7,3635.703393027441
8,11436.052827777778
9,2993.282466207807
10,3263.955892066214
11,3903.4652
12,11529.04512874903
13,12999.098972222224
14,3631.670944993895
15,13482.007039285714
16,12985.855972222223
17,12984.908972222223
18,12997.356972222224
19,3702.692080202669
20,3193.749699580615
21,3578.9650563252544
22,4637.8047166666665
23,3422.0343297619042
24,3005.145600909587
25,13788.919
26,3233.8682682513963
27,3444.4451015873015
28,3223.11128148898
29,3659.784987948076
30,11419.992361111112
31,13010.264171031748
32,3470.4226809523807
33,13482.007039285714
34,2794.189774885555
35,13506.432265476189
36,2724.1260488044763
37,13006.43338531746
38,3005.4807450595117
39,3015.389574882174
40,3129.5425598916263
41,11599.79666208236
42,12480.565143911641
43,3396.8336554720136
44,11437.117361111112
45,2768.6899408966647
46,12996.200504365079
47,3447.4290666666666
48,3130.2631379138884
49,12866.499419047617
50,3654.940980952381
51,13023.416421031747
52,2889.647081732005
53,4386.1270826118325
54,13491.30651547619
55,13486.838122619047
56,3005.340231815612
57,2809.1205278866087
58,3491.900666666667
59,11428.346827777777
60,13010.264171031748
61,14176.903481962483
62,2716.3447906764936
63,11605.023662082362
64,11599.79666208236
65,3683.3558476190474
66,3583.104954593653
67,3583.104954593653
68,12998.115961616162
69,3544.1270190852624
70,13062.788313888886
71,11419.992361111112
72,3109.04336538547
73,3468.1929309523807
74,13482.007039285714
75,4619.642083333333
76,13462.43151547619
77,13482.007039285714
78,14310.455738564215
79,13436.317372619045
80,12996.564504365078
81,13077.090961616163
82,11531.16912874903
83,13436.317372619045
84,2999.351008945334
85,3470.907488095238
86,3474.951846428571
87,3859.6125
88,12989.463961616162
89,13006.428461616164
90,3232.426249762783
91,6228.4933833333325
92,11422.031827777777
93,2947.1496176051564
94,13491.30651547619
95,11599.79666208236
96,12997.831504365078
97,2929.007131375396
98,2711.5332765391986
99,3583.104954593653
100,3403.7279940476187
101,17677.507864285715
102,4590.719170000761
103,3378.948533403078
104,3634.2603930274413
105,13080.574337698414
106,3238.6390110275693
107,3113.6730064111116
108,11363.079311111112
109,12998.750855555554
110,12640.6269
111,3584.1693182300164
112,3637.739393027441
113,3476.0071880952382
114,4353.208249062049
115,2991.7815512252764
116,2962.34276890511
117,13436.674057142856
118,2707.6214314875747
119,11531.16912874903
120,3169.909154109173
121,2819.162589900839
122,3665.0598309523807
123,3005.0677450595117
124,13405.423057142856
125,3652.9268476190473
126,11599.79666208236
127,11599.79666208236
128,3479.895330952381
129,4603.370461667427
130,2948.9452176051564
131,12986.539972222225
132,3454.1369309523807
133,13460.39451547619
134,2897.129991462854
135,11602.57266208236
136,4398.207327849927
137,4590.719170000761
138,2947.1496176051564
139,4615.921903334093
140,13062.788313888886
141,11457.497577777776
142,4394.771077849928
143,3633.611393027441
144,3480.9683322760566
145,13062.280961616163
146,3007.674573447499
147,3195.035699580615
148,3761.685
149,13482.007039285714
150,5014.312
151,11596.637645415696
152,3173.729937120237
153,11596.637645415696
154,3409.6256833333337
155,11419.992361111112
156,13006.792461616164
157,3240.2196783342115
158,11371.705311111113
159,12238.664701792099
160,3136.4251400712424
161,11357.636311111113
162,11636.37841208236
163,3006.0355978792836
164,3242.523222143736
165,13062.788313888886
166,2808.1743639213864
167,2793.88529725472
168,3025.1125991624767
169,4630.295322381711
170,3129.5828487188037
171,13067.808022222223
172,2998.1313012252763
173,13047.373022222222
174,3472.983680952381
175,3471.7427476190473
176,12996.200504365079
177,3583.104954593653
178,3664.401830952381
179,3391.9570833333337
180,11599.79666208236
181,11600.086662082362
182,3686.498733333333
183,2761.213116830496
184,3462.7396809523807
185,3124.841494973203
186,13077.090961616163
187,3217.085113784461
188,3140.926995626798
189,3003.4418950272343
190,3430.5650666666666
191,11596.927645415695
192,2972.978051998042
193,11599.79666208236
194,3686.766449999999
195,14311.901
196,3128.0226567379086
197,3157.173270001929
198,11363.079311111112
199,3398.9676833333338
200,3486.5401652800097
201,11419.992361111112
202,2797.4278748855545
203,2912.258812261177
204,3474.7747547619047
205,13062.788313888886
206,13022.157688888889
207,13016.416772222223
208,4604.551916666667
209,3576.4110563252543
210,3129.134680547433
211,11481.708861111112
212,3237.964793572307
213,11600.086662082362
214,3234.934793572307
215,2978.3583740885233
216,3181.5337027654105
217,12996.564504365078
218,2793.88529725472
219,11599.79666208236
220,11531.82112874903
221,3263.1488920662136
222,3280.7739692338887
223,3665.9940976190474
224,11419.992361111112
225,12985.272972222225
226,3478.256188095238
227,2947.1496176051564
228,13010.264171031748
229,11510.062357777779
230,11363.079311111112
231,2935.3608400642524
232,3391.9570833333337
233,13062.280961616163
234,11419.992361111112
235,11435.336361111113
236,2722.3062613835637
237,2995.80597510941
238,3582.823954593653
239,13023.416421031747
240,11422.031827777777
241,2882.994828728628
242,2966.981122133219
243,13491.30651547619
244,3226.869506346634
245,3138.205995626798
246,11596.637645415696
247,11437.117361111112
248,12996.200504365079
249,3168.0305333333336
250,3935.3956666666663
251,11422.031827777777
252,13017.517461616164
253,3222.8338648223125
254,3678.8025809523806
255,11531.16912874903
256,13472.696372619046
257,3184.6137027654104
258,3134.34258370115
259,3581.794954593653
260,13062.788313888886
261,11596.637645415696
262,3956.1578666666665
263,3572.2052146187157
264,4626.946272381711
265,4617.510643810283
266,2732.935384511481
267,12996.564504365078
268,13011.531171031747
269,3929.2081642857142
270,12984.908972222223
271,11357.636311111113
272,3015.7575748821746
273,3651.5615593766474
274,11363.079311111112
275,2716.4817765391986
276,4640.862522381712
277,13010.264171031748
278,14981.973411724388
279,11531.16912874903
280,11357.636311111113
281,12998.750855555554
282,3199.346564446373
283,3461.943930952381
284,11420.282611111112
285,11443.476577777777
286,13062.788313888886
287,11599.79666208236
288,3580.6903182300166
289,3652.9813142857142
290,3214.9145665831243
291,3234.934793572307
292,2716.341609872532
293,2913.3818563696864
294,11357.636311111113
295,3676.4188476190475
296,3134.34258370115
297,11599.79666208236
298,11363.079311111112
299,3410.193800069744
300,11599.79666208236
301,12985.272972222225
302,3268.1786182210662
303,12192.835849411147
304,3654.3135593766474
305,3438.9604000000004
306,3021.453047104397
307,2808.505407749365
308,13062.788313888886
309,3473.156488095238
310,2964.110397834223
311,2969.5445431361427
312,3261.1578920662137
313,12192.835849411147
314,3581.077643190144
315,11596.637645415696
316,3486.5401652800097
317,13015.981421031747
318,3463.172247619047
319,3238.0467935723073
320,2714.6102765391984
321,12989.463961616162
322,3218.327135714286
323,11362.082311111113
324,3574.3792146187157
325,11596.637645415696
326,3572.2052146187157
327,4624.8265833333335
328,2828.231073895606
329,11422.031827777777
330,3233.462793572307
331,2947.0216176051563
332,13021.855051984126
333,11422.031827777777
334,2806.3001502182997
335,11596.637645415696
336,11529.04512874903
337,3932.956
338,3470.127738095238
339,3590.077402882205
340,17528.360566666666
341,2944.8322905248765
342,2935.1548400642523
343,11531.16912874903
344,3931.1279142857143
345,13482.007039285714
346,11611.203295415697
347,2996.221799282413
348,4602.435236667427
349,11419.992361111112
350,11529.04512874903
351,3118.415159564829
352,3229.14703148898
353,4381.542915728715
354,12857.556988492062
355,3112.152698718804
356,12996.200504365079
357,3235.7852497627828
358,3354.1056557149204
359,11419.992361111112
360,3683.3378476190474
361,4619.642083333333
362,4648.228800000001
363,12986.539972222225
364,11599.79666208236
365,4610.96675
366,4632.808003334093
367,13076.38519484127
368,3006.4997450595115
369,13006.792461616164
370,12062.41897161537
371,3398.9676833333338
372,3180.5217704535703
373,12980.175233333332
374,3177.3062975366524
375,4992.538166666667
376,3863.9132645705176
377,4323.886855122655
378,2894.1545914628537
379,13482.007039285714
380,3131.5096993723987
381,11529.04512874903
382,3930.94745
383,3675.013047619047
384,4632.808003334093
385,3132.432745626798
386,11454.650811111112
387,3469.88591583851
388,3462.7396809523807
389,13004.637961616163
390,3478.256188095238
391,2775.5721592763357
392,3184.531867030239
393,3474.481388095238
394,3263.955892066214
395,2955.0704540562565
396,2929.7354398343273
397,3472.983680952381
398,2777.8088688001453
399,2912.518175242962
400,3486.5401652800097
401,11596.637645415696
402,4590.719170000761
403,2929.7354398343273
404,11357.636311111113
405,3473.156488095238
406,11433.424361111112
407,11608.344328749028
408,11596.637645415696
409,13003.769961616163
410,3387.4564129908103
411,3470.127738095238
412,4590.719170000761
413,14430.647
414,3654.940980952381
415,11372.324311111113
416,2804.701527886609
417,3526.2194024185956
418,3119.1434067379087
419,11936.029936133633
420,3243.2835665831244
421,12996.564504365078
422,11422.031827777777
423,3173.418865224812
424,3486.5401652800097
425,3235.7733822696737
426,3235.7852497627828
427,3470.4226809523807
428,3454.932680952381
429,3668.245830952381
430,2927.3858786918886
431,2996.9362002664393
432,13482.007039285714
433,3016.757961369225
434,2716.341609872532
435,11529.04512874903
436,2947.3468516673156
437,3383.164261027569
438,3935.1936666666666
439,3023.0807244853495
440,11422.031827777777
441,2947.1496176051564
442,3654.940980952381
443,12642.648899999998
444,4609.616154761905
445,3274.9894073291266
446,3130.206656737909
447,3001.1092811675567
448,3718.93445
449,13718.835889860138
450,11443.476577777777
451,3680.793371428571
452,11878.443567302464
453,3239.69764893634
454,3678.7023142857142
455,12996.564504365078
456,13062.788313888886
457,2947.1496176051564
458,3136.7493653854704
459,2903.7859085762957
460,3591.3283831650815
461,3131.0387309523803
462,3657.166647619047
463,11363.079311111112
464,11599.79666208236
465,2960.7545454323845
466,4668.903248697503
467,3276.77154066246
468,11599.79666208236
469,4349.565490728716
470,4630.295322381711
471,3462.6088221386804
472,4387.628332395382
473,2947.3468516673156
474,3419.559538095238
475,3237.9190110275695
476,2935.1548400642523
477,11605.023662082362
478,3183.4063670302394
479,11608.344328749028
480,13154.56014722222
481,11840.078481588178
482,2726.5176765391984
483,3493.4699152800094
484,12961.303461904763
485,3471.070388095238
486,3232.988189974937
487,2929.350731375396
488,2969.2087589453336
489,3133.1415824675323
490,3407.3446833333337
491,3474.0056083333334
492,12584.606497116773
493,3928.7642
494,2810.127859268951
495,13776.571639860138
496,13001.040855555555
497,17293.146399999998
498,3005.340231815612
499,3168.5005318914787
500,3473.156488095238
501,2809.925170233119
502,3454.932680952381
503,3657.3474499999993
504,3678.7023142857142
505,12996.564504365078
506,3661.737357205783
507,12989.827961616162
508,12640.6269
509,12998.479961616162
510,11377.100311111113
511,13010.264171031748
512,3277.0094073291266
513,4332.645767243866
514,3451.6364000000003
515,11600.086662082362
516,13040.86868888889
517,12996.564504365078
518,13006.428461616164
519,4270.049416666666
520,3164.725150955456
521,11599.79666208236
522,3174.443361904762
523,3454.974738095238
524,3430.5650666666666
525,3932.956
526,14064.255238564214
527,13646.246223193471
528,3221.15603148898
529,11419.992361111112
530,2732.912384511481
531,3193.749699580615
532,13010.847171031746
533,3020.394239167889
534,17255.687866666667
535,2732.904384511481
536,3383.4791744287186
537,3486.5401652800097
538,11443.476577777777
539,2742.6212971664295
540,13013.894188888891
541,2906.0843988454467
542,3674.411080952381
543,11529.04512874903
544,3580.4250563252544
545,3463.8897059523806
546,11423.106827777778
547,3004.1932002664394
548,2947.1496176051564
549,4321.268471789322
550,3632.699944993895
551,3464.5888309523807
552,12998.750855555554
553,3473.4031167043113
554,13002.307855555555
555,4632.808003334093
556,12698.49335151515
557,13773.299973193472
558,13012.887105555556
559,13445.413039285713
560,12998.386855555555
561,3199.3007814889797
562,11421.067361111112
563,11531.16912874903
564,3218.1994366685954
565,3672.4215642857143
566,13482.007039285714
567,3587.0522146187154
568,3671.665080952381
569,3494.8721333333333
570,3020.8641254251024
571,3932.6462
572,3577.4400563252543
573,11437.403361111112
574,3157.673882467532
575,13010.264171031748
576,11422.031827777777
577,3233.5200506572805
578,3481.506532142857
579,3438.9760666666666
580,3235.4931364294494
581,3782.2679202526547
582,11599.79666208236
583,2797.056963921387
584,3634.2603930274413
585,11840.078481588178
586,13745.476
587,3008.2451355717762
588,2929.7354398343273
589,3578.9650563252544
590,11443.476577777777
591,2794.189774885555
592,2997.704645781012
593,2798.3658748855546
594,2953.0022311675566
595,2808.7667305505793
596,3060.808778571429
597,3428.5953221386803
598,13015.177105555555
599,2948.9452176051564
600,13491.30651547619
601,2948.9452176051564
602,3228.3128396799675
603,3632.050944993895
604,3638.191
605,13009.900171031746
606,12997.831504365078
607,3385.411511027569
608,3480.9683322760566
609,4740.6025
610,2804.3485278866087
611,3635.703393027441
612,11419.992361111112
613,11599.79666208236
614,3239.1323822696736
615,11840.078481588178
616,3189.4483670302393
617,3235.6932316675448
618,3632.699944993895
619,17238.89286666667
620,11668.00816208236
621,11608.344328749028
622,2796.3293748855544
623,11363.951311111114
624,11433.424361111112
625,2737.7431272532044
626,11363.079311111112
627,11419.992361111112
628,3236.574793572307
629,12996.564504365078
630,12641.662066666664
631,13010.01450436508
632,3220.9804366685953
633,3461.943930952381
634,3661.2158309523807
635,3634.224944993895
636,13010.264171031748
637,11532.62012874903
638,13062.788313888886
639,3138.149245626798
640,4590.719170000761
641,3634.224944993895
642,11599.79666208236
643,3122.5246567379086
644,3016.2161130911945
645,3470.907488095238
646,12996.200504365079
647,2974.199508945334
648,11357.636311111113
649,11435.336361111113
650,3490.572714285714
651,11358.711311111114
652,2929.7354398343273
653,3405.2027333333335
654,11599.79666208236
655,13067.808022222223
656,3110.0093653854706
657,3392.3254886662353
658,2988.1331764886345
659,11419.992361111112
660,3667.9541149322026
661,11599.79666208236
662,11531.16912874903
663,11377.100311111113
664,3466.762079657477
665,2957.9975398343277
666,3674.003230952381
667,13472.696372619046
668,3189.2832027654104
669,3020.094047104397
670,3032.027156702159
671,13009.900171031746
672,3015.295724485349
673,3634.2603930274413
674,4630.295322381711
675,3482.2057902800098
676,3192.5623670302393
677,3145.616308326155
678,11599.79666208236
679,2962.34276890511
680,2962.34276890511
681,2796.6044415522215
682,11599.79666208236
683,12996.200504365079
684,11833.27489086136
685,11529.04512874903
686,3671.665080952381
687,12996.200504365079
688,3437.0936714285713
689,2737.7431272532044
690,11443.476577777777
691,3192.266773308271
692,2993.1398628889037
693,2975.7658740885236
694,11422.031827777777
695,3476.0071880952382
696,11529.04512874903
697,3674.411080952381
698,11357.636311111113
699,12986.539972222225
700,11608.344328749028
701,11615.165662082361
702,4371.730327849928
703,3468.1290476190475
704,11608.344328749028
705,11599.79666208236
706,13062.788313888886
707,3583.104954593653
708,3015.389574882174
709,3114.3311153854706
710,13445.413039285713
711,2870.205041964826
712,11529.04512874903
713,2795.7467305505793
714,2806.7631945532753
715,3128.77173095238
716,3584.6299545936527
717,3180.0284842887895
718,4382.836320707071
719,3482.2926380952376
720,11421.067361111112
721,2927.3858786918886
722,11599.79666208236
723,2899.747591462854
724,4348.9164045454545
725,13001.040855555555
726,2950.629812888905
727,2997.992008945334
728,3462.7396809523807
729,3158.0294644463734
730,3235.7852497627828
731,12503.51454560162
732,3234.687793572307
733,4619.642083333333
734,12996.200504365079
735,3181.4100534188046
736,13006.792461616164
737,3577.4400563252543
738,13006.428461616164
739,13064.338313888888
740,11599.79666208236
741,3228.3948396799674
742,3130.3424067379087
743,4349.565490728716
744,3173.714190865838
745,11529.04512874903
746,11363.079311111112
747,13491.30651547619
748,11419.992361111112
749,2975.380125612001
750,3493.4699152800094
751,3659.784987948076
752,3653.597559376647
753,3122.934994973203
754,11811.078550635795
755,13010.264171031748
756,2989.381549282413
757,2809.4756826191174
758,2894.6897122611767
759,4349.565490728716
760,3024.085237329865
761,3653.182014285714
762,3013.9278213652738
763,3632.699944993895
764,13438.354372619046
765,4603.370461667427
766,3581.077643190144
767,13491.30651547619
768,3029.404966694944
769,3470.4226809523807
770,3448.993177694236
771,3932.3531642857142
772,2793.6554721609937
773,13878.229
774,3169.995197209855
775,3192.5623670302393
776,6618.6929666666665
777,11422.031827777777
778,2818.161422397074
779,3277.0094073291266
780,3008.281891996931
781,3678.2433142857144
782,3416.9105380952383
783,12639.002899999998
784,3226.3218396799675
785,2947.1496176051564
786,2797.986959268951
787,11444.551577777776
788,2736.997254446187
789,3124.4311567379086
790,2973.5010153583653
791,13062.280961616163
792,13010.264171031748
793,3419.2422380952385
794,11596.637645415696
795,3675.621047619047
796,2944.728834240495
797,2879.008078424157
798,3233.462793572307
799,3653.004559376647
800,2947.3468516673156
801,3025.1125991624767
802,3460.5638221386803
803,13460.488039285714
804,3137.0372045805543
805,11608.344328749028
806,3384.2200758842814
807,11457.497577777776
808,2716.7057765391987
809,3665.0598309523807
810,4632.808003334093
811,3631.670944993895
812,3667.9541149322026
813,2989.257258945334
814,2944.8322905248765
815,2722.7547765391987
816,11421.067361111112
817,3223.0322700019287
818,12934.228445238095
819,11443.476577777777
820,11425.426361111113
821,11419.992361111112
822,2947.1496176051564
823,3398.6260833333336
824,2947.1496176051564
825,2965.750602238443
826,4615.921903334093
827,11443.476577777777
828,4374.19616118326
829,11605.023662082362
830,14532.683936507938
831,3591.3283831650815
832,11419.992361111112
833,2969.5445431361427
834,11599.79666208236
835,3135.4202932249596
836,3680.2029809523806
837,3421.870238095238
838,2876.2794700908235
839,11419.992361111112
840,2715.0982765391987
841,11422.031827777777
842,3419.559538095238
843,3234.934793572307
844,2992.8891994936744
845,4632.808003334093
846,3453.7630796574767
847,12996.564504365078
848,3477.1844989427236
849,3455.3652476190473
850,13062.788313888886
851,3581.8753831650815
852,3202.866870001929
853,3208.352464446373
854,13062.424313888887
855,3184.1871138765214
856,3236.4103822696734
857,3380.743761027569
858,2980.6021296231934
859,3208.9556200019288
860,11421.067361111112
861,4632.808003334093
862,3197.5685452380953
863,3226.038506346634
864,3430.5650666666666
865,3457.490691666667
866,11599.79666208236
867,3429.64832213868
868,3473.467438095238
869,2947.3468516673156
870,3615.3223552631575
871,2954.4744795555716
872,3575.8392146187152
873,3124.030406737909
874,3152.716270001929
875,12996.564504365078
876,2959.286125612001
877,3486.5401652800097
878,3171.282244736842
879,2995.025129623193
880,3119.2635042743595
881,3197.6739662472814
882,11808.66945990898
883,3481.8196988095237
884,11599.79666208236
885,11357.636311111113
886,3405.5690833333333
887,3632.699944993895
888,13445.413039285713
889,3910.2928809523805
890,3234.934793572307
891,3934.3457642857143
892,11605.023662082362
893,3657.3474499999993
894,11608.344328749028
895,4604.551916666667
896,12986.539972222225
897,3678.8025809523806
898,14975.02541172439
899,3237.0593822696737
900,3483.535744825464
901,12996.200504365079
902,3419.559538095238
903,3117.6502449732034
904,2778.7533259430024
905,2944.728834240495
906,13007.33638531746
907,3176.619244736842
908,11599.79666208236
909,3237.0593822696737
910,3588.913746801445
911,4632.808003334093
912,13845.945
913,3470.4941500000004
914,2948.9452176051564
915,3239.69764893634
916,13062.280961616163
917,3007.339309742051
918,11596.637645415696
919,2727.221132373711
920,4216.526521588061
921,3412.6142333333332
922,3379.247761027569
923,3470.907488095238
924,2952.3907089453346
925,11363.079311111112
926,3195.035699580615
927,3960.0142
928,12998.750855555554
929,3117.6502449732034
930,3239.1323822696736
931,3574.2972146187153
932,3203.2687814889796
933,2943.715500907161
934,3184.3486866685953
935,11599.79666208236
936,13770.552973193473
937,3454.932680952381
938,4391.372760606061
939,3112.152698718804
940,4390.448415728715
941,11608.344328749028
942,2950.5707097180994
943,3436.2140666666664
944,12984.908972222223
945,4398.207327849927
946,3151.922082467532
947,12996.564504365078
948,3235.7733822696737
949,11419.992361111112
950,11420.282611111112
951,3631.670944993895
952,2804.3485278866087
953,3113.118698718804
954,4626.803416666666
955,3591.3283831650815
956,2951.7517097180994
957,3671.665080952381
958,2997.582466207807
959,3195.349970085471
960,13023.400051984127
961,3461.943930952381
962,3146.2318976190472
963,3233.215793572307
964,3380.452866736411
965,11433.424361111112
966,3680.2839809523807
967,3652.9813142857142
968,3640.923373565324
969,13710.090889860137
970,3259.8718920662136
971,3669.105297619047
972,3225.0358396799675
973,3393.83835
974,3237.0593822696737
975,13012.887105555556
976,3263.230892066214
977,3479.8190476190475
978,2929.7354398343273
979,16736.473969805193
980,3129.439382467532
981,3591.0473831650816
982,3480.9683322760566
983,5087.8155
984,4664.563083333334
985,3418.1699547619046
986,11608.344328749028
987,3110.0093653854706
988,4416.489093722943
989,3161.5030200019287
990,3670.8335593766474
991,3512.2897652800098
992,3226.3218396799675
993,13072.932355555555
994,3933.1967999999997
995,11532.296128749029
996,13062.788313888886
997,3234.2857935723073
998,4353.208249062049
999,3382.707075884281
1000,14055.510238564213
1001,3002.4057040378343
1002,3575.8392146187152
1003,13445.413039285713
1004,12961.303461904763
1005,11599.79666208236
1006,3583.6753182300167
1007,3883.4611540520655
1008,13482.007039285714
1009,3652.9268476190473
1010,2879.008078424157
1011,3113.6730064111116
1012,3261.1578920662137
1013,11457.700811111114
1014,13062.788313888886
1015,11422.031827777777
1016,11419.992361111112
1017,2976.2555335997736
1018,11447.420577777777
1019,11425.426361111113
1020,3378.490333403078
1021,2977.936683966153
1022,3262.540892066214
1023,3456.5193500376445
1024,3603.352988805347
1025,2997.6089494936746
1026,3934.7539166666666
1027,3383.6292682539683
1028,3421.870238095238
1029,4658.3349153641675
1030,13462.43151547619
1031,11529.04512874903
1032,3935.6302
1033,11599.79666208236
1034,11629.307395415695
1035,2960.956731167557
1036,2955.3393628889044
1037,13001.040855555555
1038,12997.147504365079
1039,13474.733372619046
1040,17166.80094242424
1041,3168.215200363573
1042,3188.69188111304
1043,3194.7050241991715
1044,13064.055313888886
1045,3686.516733333333
1046,3403.0026554720134
1047,2867.7517368625313
1048,3675.013047619047
1049,3468.1929309523807
1050,3672.4215642857143
1051,11443.476577777777
1052,3170.878154109173
1053,4590.719170000761
1054,2797.3874195864114
1055,3580.9190563252546
1056,2828.6569853802
1057,3656.7708476190473
1058,3243.2835665831244
1059,11425.975827777776
1060,2932.391472531785
1061,3490.818133333333
1062,3591.5540563252544
1063,13775.797639860139
1064,3189.6634527654105
1065,3401.011333403078
1066,11357.636311111113
1067,2947.1496176051564
1068,3130.0021567379085
1069,3245.7120610275692
1070,3680.2029809523806
1071,3114.3311153854706
1072,3273.65954066246
1073,2790.7442270166216
1074,3675.6390476190472
1075,3236.7501164294495
1076,3485.9516214662153
1077,12996.564504365078
1078,3688.2868309523806
1079,3581.077643190144
1080,13002.77750436508
1081,11363.079311111112
1082,3197.026699580615
1083,11420.282611111112
1084,3277.0094073291266
1085,3209.1671137844614
1086,3468.1290476190475
1087,3205.560970085471
1088,3704.0882
1089,3493.4699152800094
1090,3122.3953981269206
1091,3149.5562309523807
1092,3137.7375534188045
1093,4516.3432
1094,13012.887105555556
1095,2999.7219494936744
1096,2947.1496176051564
1097,2955.0704540562565
1098,2955.0704540562565
1099,2797.2798748855544
1100,3181.4100534188046
1101,3514.4082166666667
1102,3681.5575142857138
1103,3582.2153182300167
1104,3019.252196707572
1105,11421.067361111112
1106,11369.394311111113
1107,11611.12032874903
1108,11531.16912874903
1109,2897.129991462854
1110,3929.2978563637703
1111,11428.346827777777
1112,2797.4897748855547
1113,3132.3504712472213
1114,3205.6848648223126
1115,14989.785
1116,3176.3372975366524
1117,2797.1259592689507
1118,13006.43338531746
1119,3480.9683322760566
1120,11419.992361111112
1121,3005.4807450595117
1122,3678.7023142857142
1123,3392.1774
1124,3674.411080952381
1125,3261.1578920662137
1126,3014.150064095739
1127,13774.612973193472
1128,3422.0442309523805
1129,13062.280961616163
1130,11605.023662082362
1131,3393.4141554720136
1132,16389.845729329005
1133,13484.044039285714
1134,3410.484994047619
1135,2709.9192765391986
1136,2733.777192195669
1137,11534.42012874903
1138,4380.67376038961
1139,3425.9868796574765
1140,2929.7354398343273
1141,3432.813071428571
1142,2797.7838305505793
1143,3578.9650563252544
1144,3470.127738095238
1145,11419.992361111112
1146,12985.855972222223
1147,12049.47148694916
1148,3672.4035642857143
1149,3167.3689366685953
1150,2715.4908478881257
1151,12998.750855555554
1152,11422.031827777777
1153,2907.6723085762956
1154,3486.5401652800097
1155,3163.851954109173
1156,3183.610867030239
1157,11615.165662082361
1158,13104.72014722222
1159,11363.079311111112
1160,11419.992361111112
1161,11377.100311111113
1162,3152.4635534188046
1163,3185.8941367521375
1164,2728.0191230024193
1165,12461.130864649242
1166,3504.165601587302
1167,3006.0355978792836
1168,3172.833234983485
1169,3236.475660238974
1170,3583.104954593653
1171,11596.637645415696
1172,3929.2261642857143
1173,13140.448147222221
1174,3259.8718920662136
1175,2975.380125612001
1176,11531.16912874903
1177,12864.340049999999
1178,3678.2433142857144
1179,3006.4997450595115
1180,2705.834411239086
1181,2929.7354398343273
1182,3235.6446602389738
1183,2884.616383689748
1184,2929.7354398343273
1185,2728.595645683223
1186,3233.215793572307
1187,11600.086662082362
1188,3470.907488095238
1189,3474.951846428571
1190,11529.04512874903
1191,13009.900171031746
1192,3631.670944993895
1193,3010.1759744853493
1194,2959.974125612001
1195,3682.2038476190473
1196,13015.160736507936
1197,13097.84100436508
1198,11369.394311111113
1199,3468.1929309523807
1200,11422.689361111112
1201,3652.9813142857142
1202,11531.16912874903
1203,3675.990769047619
1204,3478.256188095238
1205,11605.023662082362
1206,13010.264171031748
1207,3478.256188095238
1208,12998.750855555554
1209,13482.007039285714
1210,3478.3942547619044
1211,3234.934793572307
1212,13062.280961616163
1213,2806.2326502182996
1214,13872.102
1215,3259.8718920662136
1216,3226.263436668595
1217,11600.086662082362
1218,3401.5346833333338
1219,11529.04512874903
1220,3237.6115665831244
1221,3008.1963248821744
1222,3691.4728309523807
1223,11419.992361111112
1224,11599.79666208236
1225,2947.3468516673156
1226,11603.047662082361
1227,3668.265923099685
1228,11599.79666208236
1229,3875.139
1230,13486.838122619047
1231,11599.79666208236
1232,3540.4178039337476
1233,3450.2048666666665
1234,2773.7483259430023
1235,11608.344328749028
1236,3583.104954593653
1237,2998.331056320843
1238,13080.574337698414
1239,12986.539972222225
1240,3471.070388095238
1241,11422.031827777777
1242,3669.127297619047
1243,2896.923991462854
1244,3633.2313930274413
1245,12503.51454560162
1246,3232.426249762783
1247,4944.837414285715
1248,3391.9570833333337
1249,3424.6004000000003
1250,3128.8501379138884
1251,3182.85370276541
1252,3383.4791744287186
1253,13009.900171031746
1254,11424.230827777777
1255,12989.827961616162
1256,3232.6732497627827
1257,3008.549936577517
1258,12997.147504365079
1259,11357.636311111113
1260,3591.5540563252544
1261,2997.281660921136
1262,3649.480114932203
1263,11419.992361111112
1264,11433.424361111112
1265,12996.564504365078
1266,2965.735429623194
1267,3391.9570833333337
1268,11599.79666208236
1269,2774.7694688001457
1270,11599.79666208236
1271,3394.5834129908103
1272,2929.7354398343273
1273,2959.974125612001
1274,3512.2897652800098
1275,2955.0704540562565
1276,2894.6897122611767
1277,11377.100311111113
1278,13010.264171031748
1279,3417.9735880952376
1280,12996.564504365078
1281,2996.0075519980414
1282,3158.9904009554557
1283,3652.9813142857142
1284,4604.551916666667
1285,2786.0028688001453
1286,13482.007039285714
1287,11840.078481588178
1288,3113.6700064111114
1289,13436.674057142856
1290,12062.41897161537
1291,3263.230892066214
1292,3163.851954109173
1293,13062.280961616163
1294,3659.784987948076
1295,12494.580545601619
1296,11599.79666208236
1297,2809.129859268951
1298,11419.992361111112
1299,11599.79666208236
1300,3691.4728309523807
1301,3194.95395276541
1302,2890.8454455945102
1303,13019.750461616164
1304,3637.245393027441
1305,2919.477081732005
1306,11936.029936133633
1307,3178.750787442507
1308,12881.843584848484
1309,11605.023662082362
1310,3194.1165683168188
1311,12984.908972222223
1312,12060.887010758684
1313,11363.079311111112
1314,2944.8322905248765
1315,2706.5352092653525
1316,3124.7144067379086
1317,3378.948533403078
1318,3226.3218396799675
1319,11449.791577777776
1320,13006.792461616164
1321,3482.2057902800098
1322,3129.579137913888
1323,4604.551916666667
1324,11608.634328749029
1325,3015.0341240885236
1326,4321.268471789322
1327,3672.4215642857143
1328,2895.349081732005
1329,13062.788313888886
1330,3462.7396809523807
1331,3174.1118638765215
1332,14055.510238564213
1333,3235.703249762783
1334,3133.0344712472215
1335,3430.5650666666666
1336,3582.823954593653
1337,13093.160688888891
1338,4349.565490728716
1339,3387.28141299081
1340,3183.1700534188044
1341,3652.2885593766473
1342,3242.5962221437358
1343,4407.29891118326
1344,3392.2986833333334
1345,11357.636311111113
1346,3234.934793572307
1347,3487.6410476190476
1348,4619.642083333333
1349,2810.785730550579
1350,3237.0593822696737
1351,11936.029936133633
1352,2878.686380345693
1353,3462.7396809523807
1354,2991.7048330909242
1355,2987.9308330909244
1356,17796.76956071428
1357,11357.636311111113
1358,3651.5615593766474
1359,3124.7144067379086
1360,12998.750855555554
1361,3115.3001153854702
1362,2880.8965284241567
1363,4603.418071428571
1364,11419.992361111112
1365,13010.264171031748
1366,3474.951846428571
1367,11363.079311111112
1368,2974.2015454323846
1369,3591.3283831650815
1370,13064.338313888888
1371,2947.1496176051564
1372,12998.750855555554
1373,3024.291237329865
1374,3417.8336380952383
1375,11443.476577777777
1376,12762.720817171717
1377,3135.321430547433
1378,3486.5401652800097
1379,3495.6480476190477
1380,3244.1738108411023
1381,3009.2788248821744
1382,3263.955892066214
1383,3665.0598309523807
1384,2791.617569528979
1385,3129.5828487188037
1386,2707.6214314875747
1387,3271.63954066246
1388,3398.9676833333338
1389,13087.092022222223
1390,3908.740914285714
1391,11357.636311111113
1392,4412.1838437229435
1393,3661.2158309523807
1394,3419.559538095238
1395,2948.0332097180994
1396,3470.907488095238
1397,2999.351008945334
1398,13062.424313888887
1399,3490.818133333333
1400,3461.943930952381
1401,11357.636311111113
1402,3934.7539166666666
1403,2927.3858786918886
1404,11419.992361111112
1405,2738.3115877795203
1406,3194.7991899749372
1407,3114.3311153854706
1408,4269.295916666666
1409,3480.9683322760566
1410,4603.370461667427
1411,2773.7483259430023
1412,3236.475660238974
1413,3377.343533403078
1414,2929.7354398343273
1415,11531.16912874903
1416,3410.484994047619
1417,17454.767775
1418,3275.5944073291266
1419,11599.79666208236
1420,3463.8897059523806
1421,3578.8830563252545
1422,3649.947393027441
1423,3486.5401652800097
1424,11608.344328749028
1425,3719.1469500000003
1426,3198.68195276541
1427,3234.9411164294497
1428,3005.7662318156117
1429,3163.438150955456
1430,11419.992361111112
1431,13062.788313888886
1432,3237.0593822696737
1433,3235.7733822696737
1434,3598.441318230017
1435,3493.4699152800094
1436,13037.194022222222
1437,4321.268471789322
1438,11635.152412082361
1439,3392.2986833333334
1440,3421.888238095238
1441,14333.676
1442,12576.984762268286
1443,3131.026406737909
1444,3486.5401652800097
1445,11425.426361111113
1446,3233.462793572307
1447,11603.047662082361
1448,2988.3489524536403
1449,3457.6362476190475
1450,2793.580774885555
1451,12986.539972222225
1452,3505.1807976190476
1453,3013.5018213652734
1454,4620.9131547619045
1455,2806.737694553275
1456,12866.063799999998
1457,13491.30651547619
1458,11434.981361111111
1459,3866.67575
1460,3146.0005042743596
1461,11603.047662082361
1462,11357.636311111113
1463,3188.806864822313
1464,2929.7354398343273
1465,3117.6502449732034
1466,3933.2566309523804
1467,12985.272972222225
1468,13061.916961616162
1469,11531.16912874903
1470,3870.443981829843
1471,12997.356972222224
1472,3226.263436668595
1473,3420.180677694236
1474,3233.462793572307
1475,3474.951846428571
1476,2950.182812888905
1477,13436.674057142856
1478,3160.9576
1479,11926.268205264181
1480,2744.927349475427
1481,2950.5707097180994
1482,3493.4699152800094
1483,13850.793
1484,13491.30651547619
1485,3675.6390476190472
1486,3124.3543879138883
1487,3405.6574
1488,3450.806177694236
1489,14573.404462662336
1490,3583.6753182300167
1491,2951.1354589453344
1492,2796.6044415522215
1493,11608.344328749028
1494,3197.6739662472814
1495,3236.7501164294495
1496,3387.0924129908103
1497,2993.7546457810117
1498,11419.992361111112
1499,3857.3005
1500,11613.802912082361
1501,3691.4728309523807
1502,11596.637645415696
1503,3001.050703118787
1504,11605.023662082362
1505,11443.476577777777
1506,11599.79666208236
1507,3507.2850888053467
1508,11603.047662082361
1509,11363.079311111112
1510,11433.424361111112
1511,2994.551767073609
1512,2927.065499904009
1513,2893.671081732005
1514,2887.29186175749
1515,3863.610011174037
1516,12511.624980450108
1517,3653.182014285714
1518,3229.14703148898
1519,2980.0067811675567
1520,3416.9105380952383
1521,2965.1106022384433
1522,4644.036296316549
1523,3273.65954066246
1524,11437.403361111112
1525,3930.94745
1526,3688.2868309523806
1527,3176.9438670302393
1528,12997.831504365078
1529,3233.462793572307
1530,2895.1133192504867
1531,2801.436170233119
1532,3235.7733822696737
1533,13460.39451547619
1534,3470.907488095238
1535,3207.388970085471
1536,2794.189774885555
1537,2871.5497368625315
1538,2897.129991462854
1539,3659.784987948076
1540,3195.035699580615
1541,13007.375461616164
1542,11608.344328749028
1543,11599.79666208236
1544,12060.887010758684
1545,3263.1488920662136
1546,3454.932680952381
1547,3402.9976314398364
1548,3386.599511027569
1549,12996.564504365078
1550,3234.687793572307
1551,11437.560361111113
1552,3583.104954593653
1553,2884.0640287286283
1554,3398.9676833333338
1555,3928.7642
1556,3635.684944993895
1557,13062.424313888887
1558,4404.434911183261
1559,13482.007039285714
1560,3226.3218396799675
1561,2721.3446311220773
1562,13718.835889860138
1563,3880.154564285714
1564,2948.9452176051564
1565,12998.750855555554
1566,3240.2196783342115
1567,11601.864645415695
1568,3651.096980952381
1569,2794.9952972547203
1570,3110.0123653854703
1571,3676.4188476190475
1572,11443.476577777777
1573,11596.637645415696
1574,2818.5361702331184
1575,3236.49763111304
1576,11603.047662082361
1577,11421.067361111112
1578,3163.546464446373
1579,3456.6929881328824
1580,3228.3948396799674
1581,3680.2839809523807
1582,3163.438150955456
1583,3122.5246567379086
1584,3656.1785435036313
1585,11531.16912874903
1586,3148.7508648223134
1587,3647.955114932203
1588,3174.8506138765215
1589,3646.926114932203
1590,2919.477081732005
1591,13541.029182142858
1592,12986.539972222225
1593,11605.023662082362
1594,3261.1578920662137
1595,3122.9379949732033
1596,3933.93145
1597,3168.003870001929
1598,3676.5445690476186
1599,11357.636311111113
1600,2882.809428728628
1601,13010.264171031748
1602,3869.601
1603,2959.8187311675565
1604,3276.68954066246
1605,3122.9379949732033
1606,2898.0409914628535
1607,3678.2433142857144
1608,3003.879221715897
1609,13006.792461616164
1610,12996.200504365079
1611,3636.515944993895
1612,13023.366421031747
1613,3135.7803653854703
1614,3472.983680952381
1615,3021.0841254251027
1616,3278.7539692338887
1617,11599.79666208236
1618,3735.5572166720744
1619,2891.4943836897482
1620,11596.637645415696
1621,3403.7279940476187
1622,3273.0105406624602
1623,2726.8001230024192
1624,3634.2603930274413
1625,3113.6365083261558
1626,2902.4918581295206
1627,2958.1414795555716
1628,2796.6044415522215
1629,3192.1468613715665
1630,3426.86832213868
1631,2845.309
1632,3156.8145491341984
1633,11363.079311111112
1634,3236.123815789474
1635,3454.0307059523807
1636,3173.7453700019287
1637,3124.160494973203
1638,11373.531311111114
1639,4630.549629649883
1640,12996.564504365078
1641,3002.2215888432133
1642,3650.845559376647
1643,3137.260745626798
1644,3932.6462
1645,3177.7678670302394
1646,3405.3659
1647,2948.9452176051564
1648,3486.5401652800097
1649,3691.4728309523807
1650,4632.808003334093
1651,3680.2029809523806
1652,3271.63954066246
1653,3473.5946916666667
1654,4349.565490728716
1655,2929.7354398343273
1656,3219.9518811130397
1657,14313.19
1658,2996.0395519980416
1659,2880.1391668238657
1660,2736.997254446187
1661,2913.423812261177
1662,3007.303207649092
1663,2929.7354398343273
1664,11599.79666208236
1665,3650.6031149322025
1666,3675.013047619047
1667,3454.932680952381
1668,11371.657311111114
1669,12996.564504365078
1670,3227.5590777752054
1671,3574.3792146187157
1672,3509.5287142857146
1673,4619.642083333333
1674,11596.637645415696
1675,3239.69764893634
1676,3407.3446833333337
1677,3151.163251583748
1678,3226.3218396799675
1679,11531.16912874903
1680,11377.100311111113
1681,4626.946272381711
1682,3438.9760666666666
1683,3572.8542146187156
1684,3672.4035642857143
1685,4618.265154761905
1686,3582.4559545936527
1687,11531.16912874903
1688,3612.339
1689,2997.8792116492646
1690,14311.374
1691,2929.7354398343273
1692,2901.3402581295204
1693,13021.253022222223
1694,13017.952461616163
1695,3591.3283831650815
1696,3195.035699580615
1697,11428.346827777777
1698,2731.87079233257
1699,3678.7023142857142
1700,11443.476577777777
1701,3235.7733822696737
1702,4381.542915728715
1703,3236.7501164294495
1704,11529.04512874903
1705,11436.729361111113
1706,12996.564504365078
1707,3678.8025809523806
1708,3935.6302
1709,11599.79666208236
1710,3581.077643190144
1711,3205.005370001929
1712,13006.43338531746
1713,3242.4812221437355
1714,3470.907488095238
1715,3380.452866736411
1716,3125.017064285714
1717,3680.793371428571
1718,2927.3858786918886
1719,11357.636311111113
1720,12985.272972222225
1721,3134.604495056745
1722,2929.7354398343273
1723,3425.0983796574765
1724,3218.327135714286
1725,13010.847171031746
1726,3261.1578920662137
1727,3882.5426315374452
1728,11529.04512874903
1729,2955.0704540562565
1730,11596.637645415696
1731,11419.992361111112
1732,3130.280680547433
1733,3398.6260833333336
1734,11620.85132874903
1735,4401.207077849927
1736,13460.39451547619
1737,11419.992361111112
1738,12996.564504365078
1739,2955.0154540562567
1740,13076.924563888886
1741,17314.354886904763
1742,2820.3227702331183
1743,12192.835849411147
1744,2793.88529725472
1745,2970.6060153583653
1746,3576.4110563252543
1747,12996.564504365078
1748,2947.1496176051564
1749,2723.2375704695482
1750,11601.59766208236
1751,13436.674057142856
1752,2929.7354398343273
1753,3632.699944993895
1754,2951.7517097180994
1755,11599.79666208236
1756,3644.1720527172884
1757,4622.853154761905
1758,11422.031827777777
1759,3234.2857935723073
1760,11419.992361111112
1761,3686.69745
1762,11531.16912874903
1763,3184.40920276541
1764,13010.264171031748
1765,3115.3001153854702
1766,3929.2261642857143
1767,3448.993177694236
1768,11613.966912082362
1769,3412.4761314398365
1770,2790.9024721609935
1771,3686.766449999999
1772,3380.452866736411
1773,12996.564504365078
1774,3183.4063670302394
1775,11599.79666208236
1776,12642.660566666666
1777,13063.547961616163
1778,2947.1496176051564
1779,3234.934793572307
1780,12228.931639887334
1781,3463.172247619047
1782,3462.7396809523807
1783,13486.757122619047
1784,2972.792143075384
1785,3934.3416309523805
1786,2730.325080579602
1787,2805.9441945532753
1788,11422.031827777777
1789,12997.147504365079
1790,13010.264171031748
1791,4603.418071428571
1792,11422.031827777777
1793,11531.16912874903
1794,13491.30651547619
1795,3711.3822
1796,3141.036
1797,3021.150197880425
1798,11632.37241208236
1799,3193.12395276541
1800,12595.043145238094
1801,11529.04512874903
1802,4390.448415728715
1803,2728.8386456832236
1804,12985.272972222225
1805,3195.035699580615
1806,2953.4474589453343
1807,3232.426249762783
1808,11437.560361111113
1809,2949.806812888905
1810,3864.0395642857143
1811,3263.1488920662136
1812,2962.34276890511
1813,4381.542915728715
1814,3382.7528667364113
1815,11443.476577777777
1816,3242.523222143736
1817,2809.129859268951
1818,11516.479861111113
1819,11599.79666208236
1820,11611.203295415697
1821,3634.2603930274413
1822,3395.8445
1823,3405.5690833333333
1824,3470.127738095238
1825,3234.1101164294496
1826,12984.908972222223
1827,3716.60195
1828,3261.709892066214
1829,13459.842039285713
1830,13006.792461616164
1831,11531.16912874903
1832,3447.4290666666666
1833,11544.97352874903
1834,3116.745841659489
1835,2731.66479233257
1836,11363.951311111114
1837,2809.477681565541
1838,11863.68189324231
1839,3234.172660238974
1840,3661.2158309523807
1841,3260.508892066214
1842,4664.563083333334
1843,3000.848783470155
1844,3130.3424067379087
1845,2728.9326765391984
1846,3226.3218396799675
1847,3273.65954066246
1848,2944.704290524877
1849,3186.4447704535705
1850,11422.031827777777
1851,2929.7354398343273
1852,13472.696372619046
1853,13775.797639860139
1854,2900.062591462854
1855,3472.855714285714
1856,11611.919328749029
1857,2728.0191230024193
1858,12228.931639887334
1859,13010.264171031748
1860,2955.8847311675568
1861,12996.564504365078
1862,4603.370461667427
1863,3179.087867030239
1864,3201.540975884281
1865,3903.4652
1866,3387.4564129908103
1867,11419.992361111112
1868,2993.960008945334
1869,2949.920812888905
1870,3494.8721333333333
1871,11531.16912874903
1872,3179.087867030239
1873,12638.412863419911
1874,3991.4095666998383
1875,4604.551916666667
1876,11419.992361111112
1877,3580.4053831650813
1878,11419.992361111112
1879,3237.964793572307
1880,3198.4521509554556
1881,2705.5672092653526
1882,3389.3924129908105
1883,3678.8025809523806
1884,3017.2315748821743
1885,3665.0598309523807
1886,3577.4400563252543
1887,11936.029936133633
1888,3616.1358642857144
1889,4612.264154761905
1890,2948.0332097180994
1891,2727.074123002419
1892,13073.989961616162
1893,11419.992361111112
1894,3409.497798106503
1895,3486.5401652800097
1896,11419.992361111112
1897,3261.1578920662137
1898,4619.642083333333
1899,3688.2868309523806
1900,11599.79666208236
1901,3430.5494000000003
1902,3482.2057902800098
1903,2992.039008945334
1904,11599.79666208236
1905,4620.9131547619045
1906,3223.650545238095
1907,4382.836320707071
1908,3681.5575142857138
1909,2736.0371692689073
1910,2951.8297089453345
1911,3416.0380666666665
1912,2799.315319586411
1913,2730.172123002419
1914,2947.1496176051564
1915,12638.006483333333
1916,13061.916961616162
1917,4321.268471789322
1918,11506.808077777778
1919,11357.636311111113
1920,3490.818133333333
1921,3488.342466666667
1922,2979.545804327729
1923,13006.792461616164
1924,12984.908972222223
1925,3691.4728309523807
1926,3158.92175
1927,13001.040855555555
1928,13062.424313888887
1929,3398.533733333333
1930,2730.918919525552
1931,2999.9290454323846
1932,2910.949175242962
1933,3271.9268793529363
1934,13006.43338531746
1935,4371.730327849928
1936,3137.260745626798
1937,2898.872431312979
1938,2799.6413748855543
1939,3507.2850888053467
1940,2794.4474721609936
1941,12996.564504365078
1942,11599.79666208236
1943,13111.098688888891
1944,3021.88979209177
1945,11608.344328749028
1946,11529.04512874903
1947,11611.595328749028
1948,11529.04512874903
1949,3651.5615593766474
1950,3796.8105
1951,3138.6195642857137
1952,2944.600834240495
1953,12985.272972222225
1954,11443.476577777777
1955,3226.038506346634
1956,3264.4701718281185
1957,11596.637645415696
1958,4590.719170000761
1959,13491.30651547619
1960,13472.696372619046
1961,2953.4474589453343
1962,3486.5401652800097
1963,12236.013351792099
1964,3128.0226567379086
1965,11603.047662082361
1966,12999.098972222224
1967,3486.5401652800097
1968,13491.30651547619
1969,3634.142944993895
1970,11840.078481588178
1971,3398.8464
1972,11608.344328749028
1973,13450.746372619045
1974,3273.65954066246
1975,11608.344328749028
1976,3261.1578920662137
1977,13000.676855555555
1978,3200.50653148898
1979,3140.926995626798
1980,2895.555081732005
1981,3932.6462
1982,2814.623659343319
1983,11377.100311111113
1984,3580.4250563252544
1985,3483.7968547995492
1986,3410.0628000697443
1987,4382.836320707071
1988,3654.6099879480757
1989,3530.601892959281
1990,13062.280961616163
1991,2827.8455502182996
1992,11521.709861111112
1993,11422.031827777777
1994,4615.921903334093
1995,3674.003230952381
1996,11617.727895415695
1997,3165.040437120237
1998,3238.0467935723073
1999,11422.031827777777
2000,3572.8542146187156
2001,13009.900171031746
2002,3136.424936269492
2003,12762.720817171717
2004,11570.260027777776
2005,4644.036296316549
2006,11419.992361111112
2007,2947.1496176051564
2008,11419.992361111112
2009,11596.637645415696
2010,3486.5401652800097
2011,4603.370461667427
2012,11364.154311111113
2013,2779.5583259430023
2014,12996.564504365078
2015,4701.054614570518
2016,2798.3658748855546
2017,11357.636311111113
2018,11422.031827777777
2019,3232.6732497627827
2020,11521.241861111112
2021,3234.934793572307
2022,2722.4806765391986
2023,11422.031827777777
2024,3239.69764893634
2025,13062.788313888886
2026,4167.677791699838
2027,4382.836320707071
2028,3575.8392146187152
2029,3504.165601587302
2030,4632.808003334093
2031,11443.476577777777
2032,11599.79666208236
2033,3162.882954109173
2034,3457.7796809523807
2035,12989.827961616162
2036,3157.8137491341986
2037,3236.574793572307
2038,3652.9268476190473
2039,11605.023662082362
2040,4382.836320707071
2041,3133.086382467532
2042,3635.703393027441
2043,12985.272972222225
2044,3129.318156737909
2045,12998.479961616162
2046,11443.476577777777
2047,3273.65954066246
2048,11611.595328749028
2049,2903.7859085762957
2050,3506.074302808749
2051,4981.0945
2052,3206.220047779707
2053,11428.346827777777
2054,3907.0116666666663
2055,11533.94512874903
2056,12984.908972222223
2057,4604.551916666667
2058,13006.792461616164
2059,3674.003230952381
2060,4381.542915728715
2061,2808.6655945532752
2062,3657.166647619047
2063,11433.424361111112
2064,13089.310022222222
2065,11599.79666208236
2066,3135.7803653854703
2067,11599.79666208236
2068,3651.5615593766474
2069,2726.2846765391987
2070,3591.3283831650815
2071,11422.031827777777
2072,3132.2635598916263
2073,3237.0593822696737
2074,13062.280961616163
2075,4674.1370463165495
2076,3578.8830563252545
2077,3495.6480476190477
2078,3189.4483670302393
2079,11419.992361111112
2080,11443.476577777777
2081,2796.3293748855544
2082,3199.701171205919
2083,11601.59766208236
2084,2796.5792748855547
2085,2948.8659589453346
2086,13015.177105555555
2087,3166.8292666666666
2088,11602.57266208236
2089,13009.900171031746
2090,2724.685631122077
2091,2728.9326765391984
2092,3462.7396809523807
2093,13092.66468888889
2094,3501.935646324144
2095,3209.896120001929
2096,13002.77750436508
2097,11419.992361111112
2098,11599.79666208236
2099,3417.239938095238
2100,3652.9813142857142
2101,3017.258222647325
2102,3419.559538095238
2103,3486.5401652800097
2104,3232.426249762783
2105,3634.224944993895
2106,4630.431904761905
2107,3454.932680952381
2108,3376.2606314398363
2109,3261.1578920662137
2110,3263.955892066214
2111,3473.467438095238
2112,3199.314061371567
2113,3669.105297619047
2114,3513.6917976190475
2115,2722.1271906764937
2116,4626.803416666666
2117,13006.792461616164
2118,13020.618461616164
2119,13812.797
2120,3486.5401652800097
2121,3008.7749699108504
2122,3237.0593822696737
2123,3867.11775
2124,3482.622714285714
2125,4673.217383333333
2126,4590.719170000761
2127,3577.4400563252543
2128,11421.067361111112
2129,11596.637645415696
2130,2978.5601240885235
2131,13482.007039285714
2132,16245.886334090905
2133,12999.098972222224
2134,13676.318281962482
2135,11423.106827777778
2136,3271.39254066246
2137,11608.344328749028
2138,3369.02135
2139,3647.955114932203
2140,3640.923373565324
2141,2955.0704540562565
2142,3651.5615593766474
2143,11531.16912874903
2144,4617.510643810283
2145,3640.923373565324
2146,4382.836320707071
2147,3635.703393027441
2148,3184.76020276541
2149,11529.04512874903
2150,3375.879333403078
2151,14981.973411724388
2152,3493.4699152800094
2153,2817.2155502182995
2154,4664.563083333334
2155,2960.2657311675566
2156,3001.434940691365
2157,11419.992361111112
2158,3237.0593822696737
2159,3009.998824882174
2160,11419.992361111112
2161,11599.79666208236
2162,3131.026406737909
2163,11529.04512874903
2164,3239.69764893634
2165,11599.79666208236
2166,2711.3092765391984
2167,3237.0593822696737
2168,11599.79666208236
2169,3482.2057902800098
2170,11608.344328749028
2171,2777.5029926096695
2172,11363.079311111112
2173,11357.636311111113
2174,11608.344328749028
2175,3704.0882
2176,3275.5944073291266
2177,3232.6732497627827
2178,11531.16912874903
2179,3486.5401652800097
2180,3571.8252146187156
2181,3014.6844941171994
2182,2809.822194553275
2183,11443.476577777777
2184,3195.035699580615
2185,2728.1421906764936
2186,3260.508892066214
2187,2797.4953748855546
2188,2991.551876384766
2189,12996.564504365078
2190,11419.992361111112
2191,11357.636311111113
2192,3109.04336538547
2193,3237.0593822696737
2194,2929.7354398343273
2195,11529.04512874903
2196,11936.029936133633
2197,11599.79666208236
2198,11599.79666208236
2199,11443.476577777777
2200,14064.255238564214
2201,3263.7161718281186
2202,11596.637645415696
2203,13008.342461616165
2204,11599.79666208236
2205,4656.909083333334
2206,3273.65954066246
2207,3214.3726856307444
2208,2788.8834721609937
2209,12996.564504365078
2210,3675.6390476190472
2211,13062.788313888886
2212,11422.031827777777
2213,12984.908972222223
2214,2805.9441945532753
2215,2947.3468516673156
2216,3234.934793572307
2217,2929.7354398343273
2218,3128.0226567379086
2219,2965.750602238443
2220,11596.637645415696
2221,11599.79666208236
2222,3591.3283831650815
2223,4321.268471789322
2224,13062.788313888886
2225,2827.8649853802
2226,3483.6356167043114
2227,3235.0036602389737
2228,3234.1101164294496
2229,2900.062591462854
2230,3238.9100110275695
2231,11985.214477425354
2232,13010.264171031748
2233,3482.2926380952376
2234,11443.476577777777
2235,3383.164261027569
2236,3698.97245
2237,13058.130337698412
2238,11531.16912874903
2239,3122.3563879138883
2240,4602.435236667427
2241,4981.754166666667
2242,11422.031827777777
2243,11419.992361111112
2244,2806.92869725472
2245,3652.9813142857142
2246,16160.325729329003
2247,3152.4000200019286
2248,3692.3242976190472
2249,3581.077643190144
2250,11363.951311111114
2251,3652.2885593766473
2252,2975.5825089453338
2253,2918.245081732005
2254,2882.994828728628
2255,11422.031827777777
2256,11596.637645415696
2257,12062.41897161537
2258,11443.476577777777
2259,3405.2027333333335
2260,3904.4642000000003
2261,11531.45912874903
2262,2986.287767073609
2263,13579.682
2264,13491.30651547619
2265,3470.4941500000004
2266,11599.79666208236
2267,3575.7488699061637
2268,2706.0362092653527
2269,2948.9452176051564
2270,2962.34276890511
2271,11422.031827777777
2272,3670.8335593766474
2273,11608.344328749028
2274,11529.04512874903
2275,11608.344328749028
2276,3576.4110563252543
2277,11596.637645415696
2278,11422.031827777777
2279,11422.031827777777
2280,12578.15780151515
2281,11447.275361111111
2282,3176.976867030239
2283,3486.5401652800097
2284,12996.564504365078
2285,11363.079311111112
2286,3682.2038476190473
2287,3450.806177694236
2288,3132.9585642857137
2289,2948.9452176051564
2290,3234.687793572307
2291,3934.3637642857143
2292,13489.141122619047
2293,13062.788313888886
2294,13001.040855555555
2295,2798.644830550579
2296,3476.0071880952382
2297,3219.6155452380954
2298,2905.1863988454465
2299,3651.096980952381
2300,3641.5418642857144
2301,2919.477081732005
2302,12996.200504365079
2303,3204.0776118631843
2304,3669.105297619047
2305,11419.992361111112
2306,13007.158855555555
2307,11531.16912874903
2308,11357.636311111113
2309,13010.01450436508
2310,13010.264171031748
2311,12997.147504365079
2312,11613.571328749029
2313,11599.79666208236
2314,13010.264171031748
2315,12762.720817171717
2316,3203.2720200019285
2317,3417.8336380952383
2318,3140.926995626798
2319,3656.7708476190473
2320,3704.6472000000003
2321,3682.420647619047
2322,3462.7396809523807
2323,11419.992361111112
2324,13010.01450436508
2325,11529.04512874903
2326,11605.023662082362
2327,3657.0260142857137
2328,2944.600834240495
2329,3455.3652476190473
2330,3652.9813142857142
2331,3138.889995626798
2332,3905.834914285714
2333,11422.031827777777
2334,3472.983680952381
2335,2880.1391668238657
2336,3222.1412824561403
2337,17293.146399999998
2338,3464.001177694236
2339,13482.007039285714
2340,3933.93145
2341,2934.2438400642523
2342,11421.067361111112
2343,11357.636311111113
2344,3880.447
2345,4626.946272381711
2346,3004.459924148113
2347,4656.909083333334
2348,11595.796962082364
2349,11840.078481588178
2350,4398.207327849927
2351,2721.3788320947547
2352,3375.879333403078
2353,2988.7800839661527
2354,3377.773631439836
2355,3738.242916666667
2356,12985.855972222223
2357,13716.136
2358,2730.918919525552
2359,2984.990869680438
2360,3273.7577460196026
2361,3476.0071880952382
2362,3377.3506314398364
2363,2774.0694688001454
2364,3632.699944993895
2365,3414.0484000000006
2366,3119.7612449732032
2367,2978.5601240885235
2368,3682.775647619047
2369,13075.36319484127
2370,11363.079311111112
2371,3018.0685963107458
2372,3487.6410476190476
2373,2780.689472160994
2374,3394.3789129908105
2375,11599.79666208236
2376,3109.04336538547
2377,11529.04512874903
2378,3167.395150955456
2379,3577.4400563252543
2380,12996.564504365078
2381,12996.200504365079
2382,3421.4789349206344
2383,4603.370461667427
2384,13006.792461616164
2385,11363.951311111114
2386,3398.9676833333338
2387,2948.9452176051564
2388,3656.1785435036313
2389,3004.6305352954655
2390,11603.047662082361
2391,2817.6101305505786
2392,3198.601871009186
2393,11599.79666208236
2394,3675.990769047619
2395,3239.0503822696737
2396,12210.26581624019
2397,3237.78864893634
2398,11357.636311111113
2399,3897.0054642857144
2400,13010.01450436508
2401,11358.711311111114
2402,2810.127859268951
2403,3934.598214285714
2404,4609.616154761905
2405,2955.0704540562565
2406,2778.5563259430023
2407,3235.6932316675448
2408,3624.36577299081
2409,3271.63954066246
2410,3155.1344644463734
2411,11599.79666208236
2412,11599.79666208236
2413,3676.5445690476186
2414,3678.2433142857144
2415,12576.984762268286
2416,3195.035699580615
2417,3184.40920276541
2418,11419.992361111112
2419,13522.543515476189
2420,3659.784987948076
2421,13010.264171031748
2422,3688.2868309523806
2423,3688.2868309523806
2424,2994.286767073609
2425,3582.075954593653
2426,11422.031827777777
2427,3130.526245626798
2428,3143.1260194363217
2429,3581.794954593653
2430,11599.79666208236
2431,3144.799318539188
2432,11422.031827777777
2433,13010.264171031748
2434,13009.900171031746
2435,3014.8481109724003
2436,3659.784987948076
2437,13062.280961616163
2438,11531.16912874903
2439,2731.87079233257
2440,3004.1932002664394
2441,13445.413039285713
2442,13080.574337698414
2443,13496.794789285714
2444,13062.788313888886
2445,3472.983680952381
2446,2793.6554721609937
2447,2748.576
2448,11608.634328749029
2449,11603.371662082362
2450,2956.8204589453344
2451,11596.637645415696
2452,11419.992361111112
2453,3005.6994443057333
2454,3580.4250563252544
2455,2900.86825812952
2456,13062.280961616163
2457,11599.79666208236
2458,3493.4699152800094
2459,3001.766221715897
2460,2967.6591221332187
2461,3649.480114932203
2462,2999.1873027557826
2463,12997.356972222224
2464,3486.5401652800097
2465,14746.39081984127
2466,11608.344328749028
2467,4604.551916666667
2468,3234.1101164294496
2469,3124.4311567379086
2470,11529.04512874903
2471,3021.365196707572
2472,13472.696372619046
2473,12985.272972222225
2474,11419.992361111112
2475,11422.031827777777
2476,3022.8065616939
2477,3492.543198678562
2478,3109.04336538547
2479,3446.4818666666665
2480,12996.200504365079
2481,2721.6697765391987
2482,3637.245393027441
2483,3727.4484500000003
2484,11599.79666208236
2485,2970.770336418933
2486,11357.636311111113
2487,3675.013047619047
2488,12998.750855555554
2489,11531.16912874903
2490,13009.900171031746
2491,3934.3596309523805
2492,3197.026699580615
2493,3195.349970085471
2494,3651.5615593766474
2495,2724.4426311220773
2496,13036.49006984127
2497,11599.79666208236
2498,3709.34195
2499,4609.926916666667
2500,2927.3308786918883
2501,11422.031827777777
2502,3815.512
2503,3691.4728309523807
2504,11371.657311111114
2505,13166.408337698413
2506,4345.405433910534
2507,2978.499073447499
2508,3738.242916666667
2509,2955.0704540562565
2510,4613.18155
2511,3209.0001637844616
2512,3672.4215642857143
2513,11419.992361111112
2514,3688.2868309523806
2515,3384.3132682539685
2516,3474.0056083333334
2517,13010.264171031748
2518,3268.272320637642
2519,11611.203295415697
2520,3930.94745
2521,3504.465854799549
2522,13043.334022222223
2523,4381.542915728715
2524,3233.215793572307
2525,2793.6554721609937
2526,3643.163346479211
2527,3183.4063670302394
2528,3135.321430547433
2529,13504.37651547619
2530,12998.479961616162
2531,3226.3218396799675
2532,3165.952154109173
2533,3226.294844736842
2534,3175.603437120237
2535,11419.992361111112
2536,3407.3446833333337
2537,2882.2352784241566
2538,13076.924563888886
2539,3018.194547104397
2540,12997.831504365078
2541,3232.6732497627827
2542,3659.784987948076
2543,2989.965833090924
2544,2953.278051225276
2545,3196.2019662472817
2546,2973.9662629565264
2547,11433.424361111112
2548,3234.2857935723073
2549,3280.7739692338887
2550,13117.284004365081
2551,3125.7386567379085
2552,11608.344328749028
2553,11608.344328749028
2554,11531.16912874903
2555,3140.926995626798
2556,11599.79666208236
2557,2879.7698034241566
2558,2902.4918581295206
2559,3175.7391138765215
2560,3232.6732497627827
2561,13006.428461616164
2562,3235.0036602389737
2563,3465.586680952381
2564,2978.0480153583653
2565,3183.252564446373
2566,3003.1792686880535
2567,2887.87004559451
2568,3491.900666666667
2569,11599.79666208236
2570,13015.177105555555
2571,12998.750855555554
2572,12998.750855555554
2573,2861.7594789746295
2574,3695.21045
2575,11419.992361111112
2576,3591.0473831650816
2577,2991.7815512252764
2578,11445.675577777776
2579,3373.105881439836
2580,13064.055313888886
2581,3678.2433142857144
2582,2798.2888748855544
2583,12996.564504365078
2584,13015.206188888891
2585,2997.335810511749
2586,12999.098972222224
2587,3413.8746314398363
2588,11599.79666208236
2589,13020.618461616164
2590,3674.003230952381
2591,2891.096383689748
2592,3126.408037607693
2593,11599.79666208236
2594,3228.678506346634
2595,11371.657311111114
2596,3200.50653148898
2597,11363.079311111112
2598,11419.992361111112
2599,3233.462793572307
2600,11608.344328749028
2601,13009.900171031746
2602,11599.79666208236
2603,2798.644830550579
2604,2966.6495431361427
2605,2955.0704540562565
2606,3932.6462
2607,2806.6241748855546
2608,3915.1746000000003
2609,13062.788313888886
2610,3454.0307059523807
2611,3117.647244973203
2612,11603.371662082362
2613,3648.78532478355
2614,11357.636311111113
2615,3588.913746801445
2616,3260.2813626655106
2617,3398.9676833333338
2618,11357.636311111113
2619,11422.031827777777
2620,3937.048
2621,11599.79666208236
2622,4624.381083333333
2623,2719.7839867770144
2624,13635.04
2625,11599.79666208236
2626,4981.0945
2627,11419.992361111112
2628,3190.5401138765214
2629,4622.853154761905
2630,11420.282611111112
2631,13002.57950436508
2632,13872.102
2633,2988.496767073609
2634,4630.295322381711
2635,2951.320812888905
2636,3577.4400563252543
2637,3131.837182052137
2638,13061.916961616162
2639,3417.257938095238
2640,3117.440448718804
2641,2798.3910415522214
2642,3410.193800069744
2643,12998.750855555554
2644,3929.2261642857143
2645,3113.121698718804
2646,3023.6965586635974
2647,3014.150064095739
2648,3174.3653638765218
2649,3490.818133333333
2650,3163.851954109173
2651,3880.221
2652,3146.581897619047
2653,3427.6230309523803
2654,3110.0123653854703
2655,11601.864645415695
2656,13434.892057142855
2657,3144.151686102988
2658,2947.3468516673156
2659,3634.224944993895
2660,12999.098972222224
2661,13076.924563888886
2662,3173.3681285714288
2663,13023.416421031747
2664,3144.0923653854707
2665,3237.78864893634
2666,3117.6502449732034
2667,3635.684944993895
2668,13021.855051984126
2669,3572.8542146187156
2670,3482.2057902800098
2671,3200.383061371567
2672,3624.308
2673,11599.79666208236
2674,11600.086662082362
2675,12996.564504365078
2676,11421.067361111112
2677,11632.58541208236
2678,11605.023662082362
2679,11599.79666208236
2680,11443.476577777777
2681,3665.0598309523807
2682,3470.4226809523807
2683,3129.534137913888
2684,13788.919
2685,3640.923373565324
2686,2742.3248478881255
2687,3234.934793572307
2688,3659.784987948076
2689,3409.2068814398363
2690,11525.564857777777
2691,2973.5010153583653
2692,3657.166647619047
2693,13010.264171031748
2694,3576.6702146187154
2695,11529.04512874903
2696,3635.703393027441
2697,3933.0409142857143
2698,2951.1354589453344
2699,13897.02
2700,11420.282611111112
2701,11419.992361111112
2702,3665.0598309523807
2703,11596.927645415695
2704,3578.8830563252545
2705,11558.30187874903
2706,12997.831504365078
2707,3198.601871009186
2708,13006.792461616164
2709,12999.098972222224
2710,2774.701659276336
2711,2721.5876311220773
2712,11599.79666208236
2713,13445.413039285713
2714,3431.976579657477
2715,2947.1496176051564
2716,2796.502274885555
2717,3122.934994973203
2718,2798.3910415522214
2719,4640.862522381712
2720,13006.792461616164
2721,3032.027156702159
2722,3149.5562309523807
2723,11601.864645415695
2724,3235.4985665831246
2725,3469.2892476190473
2726,11602.57266208236
2727,11444.551577777776
2728,11457.497577777776
2729,13810.268
2730,12995.250972222224
2731,3474.951846428571
2732,3711.1244500000003
2733,3257.2648389395285
2734,3234.934793572307
2735,3226.3218396799675
2736,3416.9105380952383
2737,11443.476577777777
2738,3474.951846428571
2739,2929.7354398343273
2740,11608.344328749028
2741,2947.1496176051564
2742,11443.476577777777
2743,3123.9286379138885
2744,3225.0358396799675
2745,13099.025004365081
2746,3674.003230952381
2747,3234.934793572307
2748,3176.976867030239
2749,2794.8663748855543
2750,13403.447057142856
2751,2973.5010153583653
2752,3632.050944993895
2753,3631.670944993895
2754,13720.467
2755,13006.792461616164
2756,13010.264171031748
2757,3235.703249762783
2758,3232.6732497627827
2759,3493.4699152800094
2760,11599.79666208236
2761,3494.8721333333333
2762,3157.7325534188044
2763,3397.718655472014
2764,13010.264171031748
2765,2730.1010805796022
2766,3450.806177694236
2767,3930.1349142857143
2768,11443.476577777777
2769,13076.874563888887
2770,3678.7023142857142
2771,17618.971566666667
2772,3173.433937120237
2773,3261.1578920662137
2774,13714.159889860139
2775,11419.992361111112
2776,3929.2261642857143
2777,2774.7694688001457
2778,11363.079311111112
2779,13010.01450436508
2780,2796.6044415522215
2781,4381.542915728715
2782,11422.031827777777
2783,3368.1529833333334
2784,11608.344328749028
2785,3664.401830952381
2786,2762.931852007776
2787,11529.04512874903
2788,13006.792461616164
2789,4381.542915728715
2790,3937.4647999999997
2791,3162.882954109173
2792,3384.2200758842814
2793,11532.296128749029
2794,3192.9294690476195
2795,11363.079311111112
2796,2797.056963921387
2797,2948.9452176051564
2798,2800.510130550579
2799,3678.2433142857144
2800,11357.636311111113
2801,11833.27489086136
2802,3198.6422814889797
2803,2955.0704540562565
2804,2766.9358520077762
2805,3225.0358396799675
2806,4387.628332395382
2807,11596.637645415696
2808,11419.992361111112
2809,2727.074123002419
2810,3495.6480476190477
2811,3138.205995626798
2812,3178.8833670302392
2813,12494.580545601619
2814,13012.887105555556
2815,11599.79666208236
2816,2947.3468516673156
2817,11833.27489086136
2818,3011.438154757861
2819,12996.564504365078
2820,12986.539972222225
2821,13008.059461616163
2822,11596.637645415696
2823,3280.8159692338886
2824,12192.835849411147
2825,3648.400995156721
2826,2880.4012287286278
2827,11422.031827777777
2828,4604.551916666667
2829,2964.9966022384433
2830,3125.7386567379085
2831,3583.104954593653
2832,3414.2372309523807
2833,12997.831504365078
2834,12576.984762268286
2835,3229.5254570593156
2836,13020.618461616164
2837,3161.978400955456
2838,11419.992361111112
2839,3580.6903182300166
2840,13491.30651547619
2841,3929.2261642857143
2842,13472.696372619046
2843,3192.5448157894743
2844,2973.5010153583653
2845,4321.268471789322
2846,3232.6732497627827
2847,11378.974311111113
2848,3262.540892066214
2849,3954.8434833665046
2850,2723.2375704695482
2851,2936.6970543499665
2852,12170.135187668762
2853,13009.900171031746
2854,3014.0093094173753
2855,2991.7048330909242
2856,2797.4953748855546
2857,4979.7582
2858,3668.2622976190473
2859,11357.636311111113
2860,13482.007039285714
2861,4617.510643810283
2862,3398.8464
2863,4382.836320707071
2864,13010.264171031748
2865,3098.963651872521
2866,2929.7354398343273
2867,12984.908972222223
2868,13006.428461616164
2869,3193.749699580615
2870,13006.792461616164
2871,3236.4103822696734
2872,3114.3311153854706
2873,3131.6578900712425
2874,3583.104954593653
2875,3244.215810841102
2876,13023.416421031747
2877,13010.01450436508
2878,13434.892057142855
2879,13023.400051984127
2880,3133.9519067379088
2881,3122.392398126921
2882,2959.778545432385
2883,4611.772371428571
2884,11419.992361111112
2885,3704.3862000000004
2886,12595.043145238094
2887,4654.377583333334
2888,11444.551577777776
2889,3232.426249762783
2890,12985.272972222225
2891,3711.1244500000003
2892,3132.1620838620925
2893,13010.264171031748
2894,13436.317372619045
2895,13718.835889860138
2896,2978.6870771553445
2897,3682.420647619047
2898,3226.3218396799675
2899,13000.017855555554
2900,6537.847
2901,13472.696372619046
2902,3583.104954593653
2903,2715.0982765391987
2904,2726.808123002419
2905,11486.702327777777
2906,13010.264171031748
2907,11596.637645415696
2908,3234.2857935723073
2909,11357.636311111113
2910,2808.2965000279096
2911,11363.079311111112
2912,11596.637645415696
2913,3134.34258370115
2914,13434.892057142855
2915,11419.992361111112
2916,3464.312246324144
2917,3244.1738108411023
2918,2956.8237097180995
2919,11599.79666208236
2920,13062.280961616163
2921,3226.3218396799675
2922,2961.529793136143
2923,13779.758639860138
2924,3025.2235918735164
2925,4351.462033116883
2926,12192.835849411147
2927,11422.031827777777
2928,3213.8492814889796
2929,4632.808003334093
2930,2795.3673748855545
2931,3005.502294702558
2932,13460.39451547619
2933,3377.343533403078
2934,2810.785730550579
2935,3572.8542146187156
2936,12997.831504365078
2937,3159.7659366685953
2938,12996.564504365078
2939,2897.129991462854
2940,3631.670944993895
2941,3721.4712000000004
2942,3634.2603930274413
2943,11596.637645415696
2944,13062.788313888886
2945,2972.9669689051098
2946,3674.003230952381
2947,13676.969
2948,2795.9763748855544
2949,12062.41897161537
2950,13405.423057142856
2951,3123.832156737909
2952,12238.664701792099
2953,3580.6903182300166
2954,12603.211376623378
2955,3012.8594296231936
2956,3117.9917564111115
2957,2797.7838305505793
2958,14975.02541172439
2959,14383.96
2960,3017.496574882174
2961,3653.8195593766472
2962,11421.067361111112
2963,2792.6385695289787
2964,3112.152698718804
2965,12996.200504365079
2966,2817.880594553275
2967,3189.6634527654105
2968,11437.117361111112
2969,3386.402075884281
2970,4659.762716666667
2971,3227.5590777752054
2972,3469.41595
2973,11363.079311111112
2974,3237.0593822696737
2975,13076.924563888886
2976,12590.799797116772
2977,3454.1369309523807
2978,2998.4680934000603
2979,14532.683936507938
2980,3493.4699152800094
2981,2992.5290783928444
2982,2997.9272002664393
2983,3237.0593822696737
2984,11596.637645415696
2985,3235.7852497627828
2986,3140.2155534188046
2987,2959.8187311675565
2988,3654.940980952381
2989,2947.3468516673156
2990,3219.9518811130397
2991,2948.9452176051564
2992,13031.597718650793
2993,3652.9813142857142
2994,3676.5445690476186
2995,3703.4799500000004
2996,3572.8542146187156
2997,3197.108699580615
2998,11599.79666208236
2999,3001.4595918735163
3000,3470.907488095238
3001,11608.344328749028
3002,3226.3218396799675
3003,2798.3910415522214
3004,11603.371662082362
3005,3651.5615593766474
3006,3226.263436668595
3007,2738.3115877795203
3008,12996.564504365078
3009,2948.9452176051564
3010,12861.97805
3011,13491.30651547619
3012,11419.992361111112
3013,3143.6663104758413
3014,12528.942775047173
3015,13013.289961616163
3016,13076.924563888886
3017,2816.7317641400737
3018,3015.5667244853494
3019,4609.926916666667
3020,2966.9865431361427
3021,2999.1873027557826
3022,3482.2057902800098
3023,14310.455738564215
3024,2805.752770233119
3025,3233.215793572307
3026,3572.2052146187157
3027,4632.808003334093
3028,3461.943930952381
3029,3261.1578920662137
3030,12062.41897161537
3031,3593.3498171078563
3032,3490.818133333333
3033,3634.2603930274413
3034,11612.566045415695
3035,3462.7396809523807
3036,3668.245830952381
3037,3001.046221715897
3038,3507.95539028001
3039,3013.5018213652734
3040,3674.003230952381
3041,3271.6798793529365
3042,4390.448415728715
3043,15103.584319841271
3044,3228.044786108539
3045,3261.1578920662137
3046,2775.880968800145
3047,3013.7218213652736
3048,3238.2846602389736
3049,3004.1795918735165
3050,3397.718655472014
3051,12996.564504365078
3052,3136.4251400712424
3053,11492.583861111112
3054,13007.33638531746
3055,11373.531311111114
3056,3171.4294618014806
3057,3398.9676833333338
3058,3204.694720085471
3059,12049.47148694916
3060,12984.908972222223
3061,11422.031827777777
3062,2884.613195090824
3063,3930.94745
3064,13447.450039285714
3065,11599.79666208236
3066,2798.644830550579
3067,3232.6732497627827
3068,2947.1496176051564
3069,2793.88529725472
3070,3934.5928809523807
3071,3122.934994973203
3072,3222.627135714286
3073,2947.3468516673156
3074,3244.1738108411023
3075,4590.719170000761
3076,11599.79666208236
3077,3678.2433142857144
3078,3097.5024487188034
3079,3240.0495926199255
3080,13434.892057142855
3081,4626.946272381711
3082,3228.99763111304
3083,12866.063799999998
3084,12998.479961616162
3085,3482.2926380952376
3086,3117.6502449732034
3087,3278.7539692338887
3088,2774.383659276336
3089,3459.987938095238
3090,2775.087468800146
3091,3406.1131083333335
3092,2947.3468516673156
3093,11531.16912874903
3094,2955.0704540562565
3095,12192.835849411147
3096,2929.7354398343273
3097,3897.0054642857144
3098,3206.394869666815
3099,2796.6044415522215
3100,11599.79666208236
3101,3482.2057902800098
3102,11443.476577777777
3103,11599.79666208236
3104,2715.0982765391987
3105,11443.476577777777
3106,12577.298762268287
3107,3583.104954593653
3108,3233.462793572307
3109,3646.926114932203
3110,11357.636311111113
3111,3142.3882309523806
3112,3181.4998670302393
3113,3235.7852497627828
3114,3486.5401652800097
3115,3262.540892066214
3116,11435.336361111113
3117,2795.6412748855546
3118,13063.830961616162
3119,3674.003230952381
3120,13010.264171031748
3121,11371.657311111114
3122,13012.887105555556
3123,12996.200504365079
3124,11422.031827777777
3125,2966.981122133219
3126,3575.8392146187152
3127,11599.79666208236
3128,3461.943930952381
3129,3635.785393027441
3130,2975.2731768767485
3131,11608.344328749028
3132,11357.636311111113
3133,2929.7354398343273
3134,13850.793
3135,3493.4699152800094
3136,11599.79666208236
3137,3148.7508648223134
3138,3259.8718920662136
3139,11357.636311111113
3140,2797.056963921387
3141,3682.420647619047
3142,3665.0598309523807
3143,3473.467438095238
3144,11422.031827777777
3145,3016.2695616939004
3146,4378.601131818182
3147,2990.179258945334
3148,3633.2313930274413
3149,3261.1578920662137
3150,3197.026699580615
3151,2929.7354398343273
3152,12996.564504365078
3153,11596.637645415696
3154,3236.574793572307
3155,11608.344328749028
3156,3234.1101164294496
3157,11371.657311111114
3158,11454.650811111112
3159,3472.395830952381
3160,3672.4215642857143
3161,3470.907488095238
3162,11599.79666208236
3163,12545.812731315906
3164,3375.879333403078
3165,2987.7495512252763
3166,11443.476577777777
3167,3471.079388095238
3168,11599.79666208236
3169,11603.371662082362
3170,3233.6681399749373
3171,13006.792461616164
3172,4632.808003334093
3173,3682.595047619047
3174,13009.900171031746
3175,2808.7675278866086
3176,3217.9074952380956
3177,3641.3658642857145
3178,13006.792461616164
3179,3232.426249762783
3180,3615.3223552631575
3181,3165.772970085471
3182,11808.66945990898
3183,3210.190392550948
3184,11608.344328749028
3185,14965.17756648629
3186,3665.0598309523807
3187,11357.636311111113
3188,13010.264171031748
3189,3018.532196707572
3190,2935.3608400642524
3191,11599.79666208236
3192,3664.4182976190473
3193,3462.7396809523807
3194,2881.102528424157
3195,2956.8204589453344
3196,2929.7354398343273
3197,4391.372760606061
3198,12998.750855555554
3199,12998.11450436508
3200,3672.4215642857143
3201,11363.079311111112
3202,13482.007039285714
3203,3014.1121240885236
3204,11600.086662082362
3205,11603.371662082362
3206,13436.674057142856
3207,3275.5944073291266
3208,3234.934793572307
3209,3184.1871138765214
3210,3577.4400563252543
3211,12996.200504365079
3212,11422.031827777777
3213,3017.960974485349
3214,11363.079311111112
3215,11457.497577777776
3216,3653.1035593766474
3217,16406.91524242424
3218,11425.426361111113
3219,2909.6939085762956
3220,11600.086662082362
3221,11357.636311111113
3222,2870.3366919648256
3223,13436.317372619045
3224,2924.4117408326056
3225,2645.285
3226,2981.792515358365
3227,2898.3845914628537
3228,11599.79666208236
3229,3193.749699580615
3230,11443.476577777777
3231,3242.523222143736
3232,12994.815972222224
3233,4353.208249062049
3234,3676.4188476190475
3235,3195.035699580615
3236,3022.8065616939
3237,3575.7488699061637
3238,2975.790543136143
3239,3688.2868309523806
3240,3240.7520110275696
3241,3711.3822
3242,2974.53696890511
3243,13001.040855555555
3244,11419.992361111112
3245,3433.8767547995485
3246,3665.283297619047
3247,2974.469543136143
3248,3572.8542146187156
3249,3654.3135593766474
3250,3236.7501164294495
3251,3384.2200758842814
3252,3583.104954593653
3253,2999.169573447499
3254,12985.272972222225
3255,12049.47148694916
3256,11599.79666208236
3257,2820.3227702331183
3258,2728.5646456832233
3259,2974.555054327729
3260,3482.2057902800098
3261,3176.625867030239
3262,11529.04512874903
3263,11531.16912874903
3264,3674.003230952381
3265,3493.4699152800094
3266,3192.5623670302393
3267,3261.1578920662137
3268,3632.699944993895
3269,11419.992361111112
3270,3148.4111153854706
3271,3274.263978757698
3272,3182.85370276541
3273,2994.4834443057334
3274,13061.916961616162
3275,13010.264171031748
3276,12998.750855555554
3277,3908.9048
3278,2956.8204589453344
3279,11599.79666208236
3280,3132.022582467532
3281,3130.226559891626
3282,3653.4825593766473
3283,12999.098972222224
3284,13076.924563888886
3285,3239.1323822696736
3286,3634.2603930274413
3287,3236.7501164294495
3288,3234.687793572307
3289,11599.79666208236
3290,2949.806812888905
3291,4381.542915728715
3292,13062.788313888886
3293,4603.370461667427
3294,3635.785393027441
3295,3399.3056083333336
3296,11357.636311111113
3297,11422.031827777777
3298,11459.409577777777
3299,4632.808003334093
3300,3678.7023142857142
3301,3482.2057902800098
3302,12601.657468181817
3303,3672.4215642857143
3304,3152.4635534188046
3305,3137.3043083261555
3306,2952.473696222238
3307,13001.040855555555
3308,2799.6634415522212
3309,3238.61964893634
3310,11363.079311111112
3311,3932.35795
3312,11599.79666208236
3313,2822.6907641400735
3314,4610.96675
3315,4695.952748697501
3316,13062.788313888886
3317,3654.3135593766474
3318,3869.2935
3319,4387.628332395382
3320,12986.539972222225
3321,11422.031827777777
3322,12574.791876370853
3323,3473.156488095238
3324,3693.0570976190475
3325,3236.475660238974
3326,11377.100311111113
3327,4381.542915728715
3328,13066.325022222223
3329,3603.017694548872
3330,3470.907488095238
3331,12996.564504365078
3332,2810.127859268951
3333,11443.476577777777
3334,3682.775647619047
3335,3139.5615534188046
3336,11599.79666208236
3337,3576.4110563252543
3338,3584.547954593653
3339,2876.25913675749
3340,3494.8721333333333
3341,2954.295375612001
3342,3464.312246324144
3343,12559.126762268286
3344,13062.788313888886
3345,3664.401830952381
3346,11357.636311111113
3347,3633.2313930274413
3348,3416.9105380952383
3349,13010.264171031748
3350,2728.3059513338485
3351,3273.65954066246
3352,13119.369188888888
3353,11531.16912874903
3354,3417.257938095238
3355,11596.637645415696
3356,3712.0154500000003
3357,3235.6446602389738
3358,3447.4290666666666
3359,11423.106827777778
3360,3259.255695998844
3361,3109.04336538547
3362,11596.637645415696
3363,3583.104954593653
3364,3488.342466666667
3365,3486.5401652800097
3366,2718.1849513338484
3367,3163.9472805431883
3368,3193.749699580615
3369,3480.9683322760566
3370,2795.3673748855545
3371,3195.3709662472816
3372,11599.79666208236
3373,3175.6853638765215
3374,2899.856591462854
3375,13006.43338531746
3376,3471.079388095238
3377,3472.983680952381
3378,11599.79666208236
3379,11422.031827777777
3380,3273.65954066246
3381,3202.306465323566
3382,12997.831504365078
3383,11611.203295415697
3384,3218.457473308271
3385,3682.0248476190473
3386,2880.1391668238657
3387,2798.644830550579
3388,12996.564504365078
3389,3479.895330952381
3390,2897.1166960177193
3391,11599.79666208236
3392,3650.5325593766474
3393,3230.1512999164584
3394,4381.542915728715
3395,13554.015182142857
3396,11655.818162082362
3397,13445.413039285713
3398,3119.556744973203
3399,14404.921
3400,3681.025514285714
3401,4644.036296316549
3402,3489.3091015873015
3403,3416.9105380952383
3404,13010.01450436508
3405,11600.086662082362
3406,11443.476577777777
3407,3652.2885593766473
3408,3676.5445690476186
3409,3591.3283831650815
3410,12985.272972222225
3411,3486.5401652800097
3412,3591.0473831650816
3413,2999.6410454323845
3414,3008.1239365775173
3415,3275.078222210079
3416,2978.426015358365
3417,11419.992361111112
3418,13010.264171031748
3419,13007.90850436508
3420,11605.023662082362
3421,3580.4250563252544
3422,11422.031827777777
3423,12210.26581624019
3424,2957.3814589453345
3425,2927.3858786918886
3426,11599.79666208236
3427,3189.6634527654105
3428,3130.206656737909
3429,2947.1496176051564
3430,3493.4699152800094
3431,13773.299973193472
3432,3654.940980952381
3433,11531.16912874903
3434,3195.035699580615
3435,11614.61291208236
3436,11357.636311111113
3437,11599.79666208236
3438,11599.79666208236
3439,3727.76195
3440,11602.57266208236
3441,3711.67045
3442,11936.029936133633
3443,2986.168573447499
3444,3462.7396809523807
3445,11613.571328749029
3446,13080.574337698414
3447,3657.166647619047
3448,3595.405
3449,2929.7354398343273
3450,3654.940980952381
3451,12998.750855555554
3452,3152.3949182504152
3453,12648.896316666667
3454,3221.15603148898
3455,11833.27489086136
3456,2796.8582305505793
3457,3236.475660238974
3458,11443.476577777777
3459,13491.30651547619
3460,3226.3218396799675
3461,11357.636311111113
3462,11419.992361111112
3463,13062.788313888886
3464,2947.1496176051564
3465,11596.637645415696
3466,3155.2950200019286
3467,3192.5448157894743
3468,3193.749699580615
3469,11433.424361111112
3470,3237.0593822696737
3471,4625.137916666666
3472,3235.7733822696737
3473,11363.079311111112
3474,2900.062591462854
3475,3116.745841659489
3476,3551.8396753623188
3477,2948.9452176051564
3478,12049.47148694916
3479,11608.634328749029
3480,2803.5915278866087
3481,11608.344328749028
3482,14055.510238564213
3483,3426.73732213868
3484,2809.925170233119
3485,3143.728082467532
3486,2711.8334985521924
3487,12984.908972222223
3488,13010.264171031748
3489,13006.792461616164
3490,3014.6844941171994
3491,2705.5672092653526
3492,3472.983680952381
3493,3653.086559376647
3494,11421.067361111112
3495,3237.0593822696737
3496,11608.344328749028
3497,2882.518745090824
3498,2895.555081732005
3499,4410.91251038961
3500,11529.04512874903
3501,3933.93145
3502,4342.981933910533
3503,3208.9400477797067
3504,4630.295322381711
3505,13818.088
3506,17542.71193809524
3507,13093.160688888891
3508,3271.63954066246
3509,3013.1193124476786
3510,13472.696372619046
3511,13023.366421031747
3512,2777.491827016622
3513,3637.245393027441
3514,13405.423057142856
3515,2892.10004559451
3516,2806.3001502182997
3517,3117.6502449732034
3518,3674.411080952381
3519,4630.431904761905
3520,3973.9298778109496
3521,4609.616154761905
3522,4173.557541699838
3523,3580.6903182300166
3524,3236.574793572307
3525,3234.1101164294496
3526,2953.4474589453343
3527,3604.378655472014
3528,13638.262223193473
3529,3426.0192154761903
3530,11364.154311111113
3531,3643.2409642857147
3532,3486.5401652800097
3533,3226.3218396799675
3534,13459.923039285713
3535,3585.3593831650815
3536,3661.2158309523807
3537,3654.940980952381
3538,14956.556
3539,3865.369018244561
3540,3450.5250666666666
3541,11531.16912874903
3542,11599.79666208236
3543,4647.237333333334
3544,3576.7910563252544
3545,3672.4215642857143
3546,11419.992361111112
3547,2903.1647988454465
3548,3382.707075884281
3549,3182.5732704535703
3550,2928.980398845447
3551,11419.992361111112
3552,4615.921903334093
3553,3246.4240110275696
3554,3387.4564129908103
3555,3631.670944993895
3556,3347.749
3557,2935.832840064252
3558,3659.784987948076
3559,3591.3283831650815
3560,3013.3160748821742
3561,13845.945
3562,11599.79666208236
3563,3928.7642
3564,2989.464793136143
3565,3675.7800476190473
3566,2895.555081732005
3567,3632.699944993895
3568,12996.564504365078
3569,3174.9941311130397
3570,17542.71193809524
3571,3476.0071880952382
3572,4613.18155
3573,12545.812731315906
3574,11419.992361111112
3575,3635.785393027441
3576,12996.564504365078
3577,13089.334355555555
3578,11605.023662082362
3579,3232.6732497627827
3580,13006.792461616164
3581,4617.510643810283
3582,3681.5485809523807
3583,3490.818133333333
3584,3588.913746801445
3585,3470.118738095238
3586,3493.4699152800094
3587,12998.479961616162
3588,4349.565490728716
3589,3229.4848811130396
3590,3416.9105380952383
3591,3170.4604618014805
3592,4630.431904761905
3593,11599.79666208236
3594,2804.3485278866087
3595,2727.811279180076
3596,11599.413645415696
3597,3115.3001153854702
3598,2810.713770233119
3599,2901.00585812952
3600,3137.372793163248
3601,3412.6142333333332
3602,3416.9105380952383
3603,3419.2422380952385
3604,2705.3242092653527
3605,11419.992361111112
3606,3634.2603930274413
3607,4668.903248697503
3608,3135.321430547433
3609,3214.7931300751884
3610,2947.1496176051564
3611,3237.964793572307
3612,3001.766221715897
3613,3130.280680547433
3614,2799.4443748855547
3615,3000.160573447499
3616,3280.7739692338887
3617,3937.8720666666663
3618,12985.272972222225
3619,3678.7023142857142
3620,2929.7354398343273
3621,2969.61896890511
3622,2965.750602238443
3623,3235.6446602389738
3624,2974.555054327729
3625,13486.838122619047
3626,12833.760886219336
3627,11605.023662082362
3628,11599.79666208236
3629,11811.078550635795
3630,11422.031827777777
3631,2955.0704540562565
3632,13006.792461616164
3633,13009.900171031746
3634,2997.431036148371
3635,3117.647244973203
3636,11991.282371847918
3637,2954.983375612001
3638,12984.908972222223
3639,11419.992361111112
3640,11605.023662082362
3641,3003.8728105117493
3642,3682.420647619047
3643,3582.133318230017
3644,13482.007039285714
3645,3963.1972
3646,3579.6613182300166
3647,3591.3283831650815
3648,3151.163251583748
3649,2964.9966022384433
3650,11419.992361111112
3651,3214.5074733082706
3652,3260.2813626655106
3653,3652.9813142857142
3654,3682.576047619047
3655,12996.200504365079
3656,3237.0593822696737
3657,3271.63954066246
3658,13062.788313888886
3659,3455.3652476190473
3660,3235.7733822696737
3661,4617.510643810283
3662,13001.040855555555
3663,11531.16912874903
3664,11531.16912874903
3665,11600.086662082362
3666,3461.943930952381
3667,11529.33512874903
3668,12997.356972222224
3669,4378.601131818182
3670,3009.1370610654353
3671,3454.7887463241436
3672,12984.908972222223
3673,2917.399081732005
3674,3273.65954066246
3675,3140.6995534188045
3676,3136.897564285714
3677,3232.426249762783
3678,13076.874563888887
3679,3261.1578920662137
3680,3471.7427476190473
3681,11422.031827777777
3682,2727.074123002419
3683,11419.992361111112
3684,3233.215793572307
3685,2947.3468516673156
3686,3387.28141299081
3687,3629.932839766351
3688,3647.955114932203
3689,13490.451122619046
3690,2775.087468800146
3691,11419.992361111112
3692,2983.812076549951
3693,3232.024249762783
3694,13089.310022222222
3695,11599.79666208236
3696,3580.4250563252544
3697,3457.8041500000004
3698,13062.280961616163
3699,2898.3845914628537
3700,3664.401830952381
3701,3148.7508648223134
3702,2962.34276890511
3703,3572.8542146187156
3704,3213.772870001929
3705,11599.79666208236
3706,12989.827961616162
3707,3674.411080952381
3708,2727.6770805796023
3709,2796.6044415522215
3710,13007.90850436508
3711,3650.5325593766474
3712,11624.272728749029
3713,3653.322647619047
3714,11419.992361111112
3715,11443.476577777777
3716,2876.25913675749
3717,3195.8765683168185
3718,2968.851262956527
3719,11422.031827777777
3720,11377.100311111113
3721,4617.510643810283
3722,3591.0473831650816
3723,3470.907488095238
3724,2726.808123002419
3725,3271.63954066246
3726,3195.035699580615
3727,3486.5401652800097
3728,3678.2433142857144
3729,3164.57275
3730,11444.551577777776
3731,11599.79666208236
3732,2796.6044415522215
3733,13001.623855555556
3734,3187.483367030239
3735,3580.6903182300166
3736,2803.761438054928
3737,3572.8542146187156
3738,2947.1496176051564
3739,3572.8542146187156
3740,2947.1496176051564
3741,3949.471609920635
3742,4603.370461667427
3743,3473.147488095238
3744,3182.85370276541
3745,2957.310842278667
3746,3894.82875
3747,13472.696372619046
3748,12999.098972222224
3749,3613.0371552631577
3750,11615.165662082361
3751,13062.788313888886
3752,13104.90614722222
3753,3283.0129149021627
3754,2947.1496176051564
3755,3929.2261642857143
3756,3173.8721713450295
3757,3480.9683322760566
3758,13035.976337698414
3759,3647.955114932203
3760,11486.702327777777
3761,4604.551916666667
3762,2744.927349475427
3763,3490.572714285714
3764,3470.4226809523807
3765,2733.178384511481
3766,3023.0807244853495
3767,3582.823954593653
3768,2973.9662629565264
3769,11363.079311111112
3770,12986.539972222225
3771,11599.79666208236
3772,13062.280961616163
3773,2949.920812888905
3774,13062.788313888886
3775,11357.636311111113
3776,3204.4325534188038
3777,3659.784987948076
3778,3130.1237309523804
3779,12984.908972222223
3780,12985.272972222225
3781,15023.615659343435
3782,12985.272972222225
3783,3189.6634527654105
3784,12985.272972222225
3785,11599.79666208236
3786,13076.924563888886
3787,12984.908972222223
3788,3158.4796
3789,3018.9779312730125
3790,13491.30651547619
3791,12996.564504365078
3792,13080.574337698414
3793,14310.455738564215
3794,3261.709892066214
3795,3696.354233333333
3796,2927.3308786918883
3797,3587.5402146187153
3798,3143.9987289601313
3799,2723.004779180076
3800,3584.547954593653
3801,13716.136
3802,11599.79666208236
3803,3572.2052146187157
3804,3237.0593822696737
3805,3470.907488095238
3806,12997.831504365078
3807,3152.4000200019286
3808,11596.637645415696
3809,3710.3112
3810,3130.059193163248
3811,11596.637645415696
3812,2929.7354398343273
3813,11419.992361111112
3814,2807.509319586411
3815,11444.551577777776
3816,2728.0463092978066
3817,4630.431904761905
3818,3591.3283831650815
3819,4630.295322381711
3820,11599.79666208236
3821,4351.462033116883
3822,2806.9801305505794
3823,3183.7331142650223
3824,3680.2839809523807
3825,11863.68189324231
3826,11840.078481588178
3827,3481.506532142857
3828,11624.121728749029
3829,3405.5690833333333
3830,3220.2854952380953
3831,3478.256188095238
3832,3437.8460221386804
3833,4615.921903334093
3834,11596.637645415696
3835,3158.9904009554557
3836,11599.79666208236
3837,3582.075954593653
3838,3711.67045
3839,3279.0413079243654
3840,11878.443567302464
3841,13482.007039285714
3842,2974.469543136143
3843,3017.258222647325
3844,2947.442812888905
3845,2975.7658740885236
3846,3158.4796
3847,11529.04512874903
3848,3654.940980952381
3849,3680.2839809523807
3850,3575.8392146187152
3851,4398.207327849927
3852,11363.079311111112
3853,3409.6256833333337
3854,3405.5690833333333
3855,3486.5401652800097
3856,2964.110397834223
3857,13001.040855555555
3858,11608.344328749028
3859,3235.7733822696737
3860,13460.39451547619
3861,3211.3515452380952
3862,13001.040855555555
3863,3650.940114932203
3864,3217.5085452380954
3865,4612.96025
3866,12999.098972222224
3867,3470.5084880952377
3868,11936.029936133633
3869,12237.955418621143
3870,3134.033430547433
3871,4387.628332395382
3872,2929.7354398343273
3873,11363.079311111112
3874,4619.642083333333
3875,2955.271731167557
3876,3657.3474499999993
3877,2724.9551125134094
3878,13006.792461616164
3879,3134.033430547433
3880,13108.40968888889
3881,11608.344328749028
3882,3635.703393027441
3883,13009.900171031746
3884,12545.812731315906
3885,3421.888238095238
3886,13006.792461616164
3887,13023.416421031747
3888,2806.7631945532753
3889,2805.626194553275
3890,13482.007039285714
3891,2977.7640748821746
3892,3273.65954066246
3893,11357.636311111113
3894,3577.4400563252543
3895,3591.3283831650815
3896,11422.031827777777
3897,3582.823954593653
3898,11419.992361111112
3899,3238.2846602389736
3900,2922.7525914628536
3901,2809.129859268951
3902,3454.1369309523807
3903,2891.75644559451
3904,2947.1496176051564
3905,2947.1496176051564
3906,11419.992361111112
3907,13015.127105555555
3908,3117.6502449732034
3909,3142.8152309523807
3910,4604.551916666667
3911,2806.5099000279088
3912,12996.564504365078
3913,2947.1496176051564
3914,3130.226559891626
3915,3653.1035593766474
3916,2879.2140784241565
3917,3401.5346833333338
3918,13850.793
3919,2929.7354398343273
3920,12997.147504365079
3921,11605.023662082362
3922,3470.4226809523807
3923,3691.4728309523807
3924,3189.6199541091732
3925,3263.955892066214
3926,17123.048275757574
3927,3220.606686668595
3928,11443.476577777777
3929,3678.2433142857144
3930,3591.0473831650816
3931,3665.283297619047
3932,3465.586680952381
3933,3637.245393027441
3934,3486.5401652800097
3935,13818.088
3936,2974.0922827448294
3937,3661.2158309523807
3938,3514.4082166666667
3939,12996.200504365079
3940,2975.790543136143
3941,3674.003230952381
3942,3206.6059700854707
3943,4609.926916666667
3944,11529.04512874903
3945,3374.274333403078
3946,4626.946272381711
3947,12999.098972222224
3948,11599.79666208236
3949,3545.814099171843
3950,3273.65954066246
3951,3756.352
3952,11599.79666208236
3953,3236.9651364294496
3954,12996.564504365078
3955,2882.122479019394
3956,3260.508892066214
3957,3574.2972146187153
3958,2793.432774885555
3959,3652.9813142857142
3960,2991.8981994936744
3961,13010.264171031748
3962,2899.4585914628537
3963,3183.4063670302394
3964,3274.763407329127
3965,3013.2958213652737
3966,13445.413039285713
3967,11357.636311111113
3968,2927.3858786918886
3969,3868.9414642857146
3970,11596.637645415696
3971,2969.5445431361427
3972,13101.082337698414
3973,3698.97245
3974,3935.8100499999996
3975,2777.5029926096695
3976,2944.8322905248765
3977,13546.099182142858
3978,2955.0704540562565
3979,11419.992361111112
3980,13020.618461616164
3981,3473.467438095238
3982,3482.2057902800098
3983,13450.665372619045
3984,3008.247064095739
3985,2894.6897122611767
3986,11599.79666208236
3987,3276.68954066246
3988,11422.031827777777
3989,3398.9676833333338
3990,13007.90850436508
3991,3634.2603930274413
3992,12648.744733333335
3993,3167.1315508658013
3994,13491.30651547619
3995,11443.766827777778
3996,3482.2057902800098
3997,13774.073973193472
3998,11599.79666208236
3999,2922.696081732005
4000,3109.04336538547
4001,11419.992361111112
4002,4626.946272381711
4003,12528.942775047173
4004,11599.79666208236
4005,3216.9181637844617
4006,3635.703393027441
4007,11436.052827777778
4008,3612.2918642857144
4009,12503.51454560162
4010,12883.434466666666
4011,3397.8821554720134
4012,11357.636311111113
4013,3399.637155332902
4014,2726.415080579602
4015,3276.77154066246
4016,11596.637645415696
4017,13006.792461616164
4018,3233.215793572307
4019,2880.744828728628
4020,11599.79666208236
4021,2721.5876311220773
4022,3241.0092221437358
4023,2737.949127253205
4024,3273.65954066246
4025,3672.4215642857143
4026,2731.87079233257
4027,12989.827961616162
4028,3392.2986833333334
4029,12996.564504365078
4030,2778.4403259430023
4031,2948.9452176051564
4032,11422.031827777777
4033,3680.793371428571
4034,13718.835889860138
4035,3477.1844989427236
4036,13062.788313888886
4037,3671.665080952381
4038,2947.3468516673156
4039,2952.3200922786673
4040,3756.47975
4041,3498.8521463241436
4042,3582.2153182300167
4043,3003.538301225276
4044,3578.8830563252545
4045,13010.01450436508
4046,12996.564504365078
4047,3651.5615593766474
4048,3591.3283831650815
4049,3144.6919771425078
4050,11596.637645415696
4051,2807.562681565541
4052,11529.04512874903
4053,3679.642733333333
4054,13403.447057142856
4055,3005.6994443057333
4056,3482.2057902800098
4057,13482.007039285714
4058,3226.3218396799675
4059,3676.4008476190475
4060,3469.757714285714
4061,13062.788313888886
4062,3450.806177694236
4063,2948.9452176051564
4064,3482.2057902800098
4065,13006.792461616164
4066,2947.3468516673156
4067,3019.519736576043
4068,3674.995047619047
4069,3129.400559891626
4070,11596.637645415696
4071,3209.08863111304
4072,2744.927349475427
4073,4604.551916666667
4074,3411.461214773169
4075,3271.63954066246
4076,11444.551577777776
4077,11596.637645415696
4078,11357.636311111113
4079,12997.831504365078
4080,3635.703393027441
4081,3472.983680952381
4082,13484.044039285714
4083,3010.7400031834554
4084,13472.696372619046
4085,11443.476577777777
4086,3234.934793572307
4087,11363.951311111114
4088,13434.892057142855
4089,3177.6242975366526
4090,3937.4647999999997
4091,13062.788313888886
4092,3431.292579657477
4093,15007.185078391052
4094,3493.4699152800094
4095,4981.754166666667
4096,3678.7023142857142
4097,3210.7601637844614
4098,12996.564504365078
4099,12998.750855555554
4100,3398.9676833333338
4101,11599.79666208236
4102,3124.7144067379086
4103,13076.924563888886
4104,3237.0593822696737
4105,3234.687793572307
4106,3195.035699580615
4107,2811.0354077493653
4108,11531.16912874903
4109,12996.564504365078
4110,3680.2839809523807
4111,2909.6939085762956
4112,11357.636311111113
4113,3005.436892056014
4114,11364.154311111113
4115,13010.01450436508
4116,3643.163346479211
4117,3462.7396809523807
4118,13006.792461616164
4119,2880.1391668238657
4120,2898.3845914628537
4121,3370.320221999569
4122,2947.1496176051564
4123,11424.230827777777
4124,3132.3504712472213
4125,3234.4407804511284
4126,3577.4400563252543
4127,3470.907488095238
4128,12985.272972222225
4129,5092.772
4130,3577.4400563252543
4131,3011.0178248821744
4132,3469.757714285714
4133,3133.1415824675323
4134,3407.3446833333337
4135,2996.5430454323846
4136,3462.7396809523807
4137,3271.9268793529363
4138,12998.750855555554
4139,11421.067361111112
4140,11596.637645415696
4141,2947.3468516673156
4142,12577.298762268287
4143,3649.480114932203
4144,3929.2261642857143
4145,4626.946272381711
4146,3011.8937450595117
4147,11422.031827777777
4148,4646.7266533340935
4149,2983.812076549951
4150,3457.7796809523807
4151,3226.3218396799675
4152,12996.564504365078
4153,2773.683659276336
4154,3350.599
4155,3669.426233333333
4156,3470.127738095238
4157,11599.79666208236
4158,12595.354933333334
4159,3154.3140534188046
4160,13008.059461616163
4161,13716.497889860138
4162,3274.7515406624602
4163,11608.344328749028
4164,11818.776550635796
4165,4701.054614570518
4166,2982.4135335997735
4167,11613.802912082361
4168,2804.323438054928
4169,3150.4042700019286
4170,3583.6753182300167
4171,2795.3673748855545
4172,11363.079311111112
4173,3674.411080952381
4174,3585.6634848966833
4175,13023.416421031747
4176,12986.539972222225
4177,11430.312811111113
4178,3128.0226567379086
4179,3244.1738108411023
4180,2798.608774885555
4181,3117.2369067379086
4182,13006.81338531746
4183,3577.4400563252543
4184,11599.79666208236
4185,3405.5690833333333
4186,11419.992361111112
4187,3273.41254066246
4188,3212.1106866685955
4189,11534.27212874903
4190,4332.645767243866
4191,12998.479961616162
4192,15257.170217460318
4193,3653.8195593766472
4194,13436.317372619045
4195,4630.431904761905
4196,13447.450039285714
4197,13491.30651547619
4198,2960.956731167557
4199,3409.6256833333337
4200,12997.831504365078
4201,12996.200504365079
4202,13116.963004365081
4203,3126.408037607693
4204,3635.703393027441
4205,3652.370559376647
4206,13047.373022222222
4207,2895.555081732005
4208,3678.2433142857144
4209,13010.264171031748
4210,3745.6093500054076
4211,3646.926114932203
4212,15112.895598412699
4213,3472.395830952381
4214,2996.863766945666
4215,3937.048
4216,11422.031827777777
4217,11443.476577777777
4218,4620.133583333333
4219,4381.542915728715
4220,13062.788313888886
4221,12997.356972222224
4222,11422.031827777777
4223,11599.79666208236
4224,12528.942775047173
4225,11419.992361111112
4226,11443.476577777777
4227,3233.462793572307
4228,11422.031827777777
4229,3419.559538095238
4230,13062.424313888887
4231,3682.9354500000004
4232,3232.813793572307
4233,2726.8001230024192
4234,12996.564504365078
4235,12996.564504365078
4236,11363.079311111112
4237,2797.108463921387
4238,3235.7852497627828
4239,11608.344328749028
4240,11608.634328749029
4241,13484.044039285714
4242,11596.637645415696
4243,2728.8386456832236
4244,11357.636311111113
4245,13010.264171031748
4246,3122.8079067379085
4247,4353.208249062049
4248,11599.79666208236
4249,4624.8265833333335
4250,3651.5615593766474
4251,3124.7144067379086
4252,3232.6732497627827
4253,3427.2113821428566
4254,2983.4781240885236
4255,14064.255238564214
4256,4387.628332395382
4257,11605.023662082362
4258,13445.413039285713
4259,2986.7390839661525
4260,11357.636311111113
4261,13006.792461616164
4262,3669.105297619047
4263,3189.4483670302393
4264,3009.3168831433586
4265,13775.797639860139
4266,2945.419311023848
4267,2807.3546826191173
4268,2991.7815512252764
4269,11422.031827777777
4270,3604.378655472014
4271,11443.476577777777
4272,13010.264171031748
4273,3226.869506346634
4274,11422.031827777777
4275,3168.5005318914787
4276,3235.7695665831243
4277,4604.551916666667
4278,2710.4144985521925
4279,3486.5401652800097
4280,4382.836320707071
4281,11531.16912874903
4282,12833.760886219336
4283,2947.3468516673156
4284,11596.637645415696
4285,4632.808003334093
4286,2974.5182827448293
4287,3122.934994973203
4288,3634.2603930274413
4289,2927.3858786918886
4290,2983.313620722923
4291,11596.637645415696
4292,3480.9683322760566
4293,12985.272972222225
4294,3572.8542146187156
4295,3229.4848811130396
4296,3585.575954593653
4297,13006.428461616164
4298,2947.1496176051564
4299,3908.664
4300,3421.888238095238
4301,3650.0163027172885
4302,11632.37241208236
4303,12984.908972222223
4304,2965.3984296231934
4305,3197.026699580615
4306,11421.067361111112
4307,3236.4103822696734
4308,11419.992361111112
4309,3232.6732497627827
4310,3577.4400563252543
4311,12999.098972222224
4312,3206.1860200019287
4313,3465.4432476190473
4314,3678.2433142857144
4315,3273.65954066246
4316,4630.295322381711
4317,2738.4821692689075
4318,12553.46444560162
4319,3112.7040064111115
4320,11419.992361111112
4321,3457.7796809523807
4322,4615.921903334093
4323,3146.0005042743596
4324,3184.531867030239
4325,3897.0054642857144
4326,3176.3086510788703
4327,2947.1496176051564
4328,3237.895061027569
4329,13067.808022222223
4330,3129.5828487188037
4331,3651.5615593766474
4332,11599.79666208236
4333,11357.636311111113
4334,3240.2616783342114
4335,3172.894620001929
4336,12996.564504365078
4337,3261.1578920662137
4338,12984.908972222223
4339,3173.8721713450295
4340,13012.347736507936
4341,11599.79666208236
4342,3576.7910563252544
4343,3575.8392146187152
4344,3263.230463494785
4345,2990.730551225276
4346,3575.8392146187152
4347,11596.637645415696
4348,11443.476577777777
4349,3377.343533403078
4350,3130.526245626798
4351,3478.256188095238
4352,11357.636311111113
4353,3454.932680952381
4354,3204.4325534188038
4355,2965.819602238443
4356,11423.106827777778
4357,3271.63954066246
4358,13403.447057142856
4359,3637.739393027441
4360,3473.5946916666667
4361,3274.66954066246
4362,13061.916961616162
4363,13081.402337698413
4364,3019.346047104397
4365,3933.964964285714
4366,11599.79666208236
4367,3132.2635598916263
4368,13076.924563888886
4369,3930.1349142857143
4370,3273.65954066246
4371,2947.3468516673156
4372,11419.992361111112
4373,12998.479961616162
4374,11632.37241208236
4375,11599.79666208236
4376,3466.762079657477
4377,11611.595328749028
4378,3647.955114932203
4379,2996.7723012252764
4380,3937.4647999999997
4381,2800.2167748855545
4382,4619.642083333333
4383,3261.1578920662137
4384,3133.207582467532
4385,3117.2369067379086
4386,2927.3858786918886
4387,3233.462793572307
4388,12997.831504365078
4389,2726.8001230024192
4390,4970.8755
4391,15199.055190079367
4392,11840.078481588178
4393,3126.2820642857137
4394,13482.007039285714
4395,3591.0473831650816
4396,4619.642083333333
4397,3181.4986138765216
4398,3665.0598309523807
4399,3189.8561138765217
4400,3200.9367147731696
4401,3143.638564285714
4402,13010.264171031748
4403,3470.4226809523807
4404,2987.7495512252763
4405,12993.484772222222
4406,11599.79666208236
4407,3937.4647999999997
4408,2948.9452176051564
4409,3417.2255880952375
4410,2929.7354398343273
4411,3632.699944993895
4412,3233.462793572307
4413,13445.413039285713
4414,12996.200504365079
4415,11443.476577777777
4416,3486.5401652800097
4417,3017.464222647325
4418,13010.264171031748
4419,11599.79666208236
4420,2948.9452176051564
4421,11422.031827777777
4422,3678.8025809523806
4423,3466.762079657477
4424,2955.0704540562565
4425,2945.762911023848
4426,3158.817030543188
4427,11357.636311111113
4428,3223.0877733082707
4429,4656.351583333334
4430,3380.452866736411
4431,3271.9268793529363
4432,13006.81338531746
4433,11444.551577777776
4434,3472.983680952381
4435,11878.443567302464
4436,3237.0593822696737
4437,11419.992361111112
4438,13445.413039285713
4439,13100.446337698413
4440,3693.0570976190475
4441,11357.636311111113
4442,2727.5773092978066
4443,3201.830436668595
4444,12682.51035151515
4445,3237.0593822696737
4446,11419.992361111112
4447,12985.272972222225
4448,4349.565490728716
4449,3235.0036602389737
4450,3225.0358396799675
4451,3121.817637913888
4452,13010.264171031748
4453,3238.0467935723073
4454,2956.8204589453344
4455,11419.992361111112
4456,3124.7144067379086
4457,11599.79666208236
4458,3988.6692486296633
4459,3461.943930952381
4460,17247.87038690476
4461,13482.007039285714
4462,3273.65954066246
4463,4398.207327849927
4464,13472.696372619046
4465,3591.5540563252544
4466,2950.5707097180994
4467,3168.759789844345
4468,3185.5575336969064
4469,13434.892057142855
4470,3956.6982000000003
4471,11436.729361111113
4472,3209.0001637844616
4473,3173.5265534188043
4474,12999.098972222224
4475,2727.543123002419
4476,4604.551916666667
4477,4640.862522381712
4478,3682.420647619047
4479,3213.8954826094264
4480,3907.2272000000003
4481,3008.281891996931
4482,2995.957294702558
4483,3228.3948396799674
4484,3636.5518642857146
4485,3659.784987948076
4486,3494.8721333333333
4487,3374.042004761905
4488,12997.831504365078
4489,11608.344328749028
4490,3392.2986833333334
4491,3237.0593822696737
4492,15199.055190079367
4493,11612.30366208236
4494,3017.684222647325
4495,2716.5561240098273
4496,3669.32694978355
4497,4644.936333333334
4498,12997.356972222224
4499,11608.344328749028
4500,2730.507898761421
4501,3191.705159561453
4502,11436.729361111113
4503,3514.4082166666667
4504,12999.098972222224
4505,3222.8810314889797
4506,12997.147504365079
4507,3588.913746801445
4508,3240.2616783342114
4509,11599.79666208236
4510,3117.647244973203
4511,11443.476577777777
4512,3486.5401652800097
4513,2726.7467637436603
4514,13010.264171031748
4515,13042.792337698413
4516,2955.0704540562565
4517,3583.104954593653
4518,3482.2057902800098
4519,3204.694720085471
4520,13062.788313888886
4521,3470.907488095238
4522,2967.644607948746
4523,3219.9186866685955
4524,4626.946272381711
4525,13875.951
4526,3232.426249762783
4527,3653.893987948076
4528,3686.498733333333
4529,3671.665080952381
4530,11419.992361111112
4531,3387.4564129908103
4532,2946.469434240495
4533,2997.6089494936746
4534,13006.792461616164
4535,12996.200504365079
4536,3225.6917443609027
4537,2797.0314639213866
4538,3122.3953981269206
4539,2965.750602238443
4540,11870.51048396913
4541,11443.476577777777
4542,3463.172247619047
4543,3226.869506346634
4544,12996.200504365079
4545,3449.56415
4546,3678.8025809523806
4547,4332.645767243866
4548,3232.813793572307
4549,3635.785393027441
4550,11419.992361111112
4551,4390.448415728715
4552,3493.4699152800094
4553,13006.81338531746
4554,11608.344328749028
4555,3197.026699580615
4556,3227.3240891605424
4557,2793.6554721609937
4558,3903.4652
4559,11800.97145990898
4560,3493.4699152800094
4561,12989.827961616162
4562,2757.1140587425916
4563,11443.476577777777
4564,3669.8380976190474
4565,11449.791577777776
4566,2919.477081732005
4567,11419.992361111112
4568,13001.040855555555
4569,11596.637645415696
4570,3177.4884213450296
4571,3482.2057902800098
4572,12996.564504365078
4573,4640.862522381712
4574,3235.836061027569
4575,3113.121698718804
4576,3633.611393027441
4577,11419.992361111112
4578,12998.479961616162
4579,3591.0473831650816
4580,15898.765
4581,2997.348189395124
4582,3237.0593822696737
4583,11422.031827777777
4584,4625.137916666666
4585,3691.4728309523807
4586,3470.4226809523807
4587,3588.913746801445
4588,4630.431904761905
4589,3587.7413831650815
4590,12986.539972222225
4591,11419.992361111112
4592,3935.6302
4593,3235.7733822696737
4594,3259.8718920662136
4595,3431.308871428572
4596,3198.2384952380953
4597,4610.96675
4598,13062.280961616163
4599,3167.7261138765216
4600,3273.7577460196026
4601,3577.4400563252543
4602,3127.6276379138885
4603,3591.3283831650815
4604,13493.34351547619
4605,3113.6365083261558
4606,13104.90614722222
4607,3417.257938095238
4608,13010.264171031748
4609,11443.766827777778
4610,11443.476577777777
4611,11609.144645415696
4612,11599.79666208236
4613,12210.26581624019
4614,3007.339309742051
4615,13010.264171031748
4616,3274.66954066246
4617,3017.272547104397
4618,11599.79666208236
4619,11599.79666208236
4620,3676.5445690476186
4621,3228.3948396799674
4622,13491.30651547619
4623,2775.087468800146
4624,3591.3283831650815
4625,3682.420647619047
4626,13062.788313888886
4627,12996.564504365078
4628,11605.023662082362
4629,12049.47148694916
4630,5022.232166666667
4631,2955.0704540562565
4632,2947.1496176051564
4633,3017.496574882174
4634,3241.0512221437357
4635,11596.637645415696
4636,3488.342466666667
4637,3132.2635598916263
4638,13095.519666666663
4639,3446.4818666666665
4640,13006.792461616164
4641,13007.33638531746
4642,11531.45912874903
4643,4075.4182664455293
4644,13775.797639860139
4645,3572.8542146187156
4646,3221.6436866685954
4647,3868.689604052065
4648,3130.0021567379085
4649,3197.026699580615
4650,3124.841494973203
4651,12618.346594552671
4652,3518.2594166666668
4653,14055.510238564213
4654,4603.370461667427
4655,3572.8542146187156
4656,3007.391895027234
4657,2999.4488105117493
4658,3182.8207027654103
4659,3236.574793572307
4660,3009.998824882174
4661,3394.434677694236
4662,13031.597718650793
4663,3657.166647619047
4664,3197.026699580615
4665,3235.7852497627828
4666,15467.181480555555
4667,11420.282611111112
4668,11599.413645415696
4669,3476.0071880952382
4670,2990.730551225276
4671,11608.344328749028
4672,3265.0081718281185
4673,11531.16912874903
4674,3222.8338648223125
4675,3641.7288642857143
4676,3583.104954593653
4677,2705.834411239086
4678,11443.476577777777
4679,3238.0467935723073
4680,3237.9270610275694
4681,2715.250708188105
4682,13810.268
4683,13010.264171031748
4684,13026.421022222223
4685,3130.939583862092
4686,12998.750855555554
4687,2806.9801305505794
4688,3162.099936668595
4689,11357.636311111113
4690,12996.564504365078
4691,3163.438150955456
4692,2976.1605454323844
4693,3505.7383322760566
4694,3133.747406737909
4695,3020.271196707572
4696,2947.3468516673156
4697,11422.031827777777
4698,11419.992361111112
4699,3582.075954593653
4700,3234.1101164294496
4701,13858.362
4702,3242.4812221437355
4703,11599.79666208236
4704,2987.3124365158
4705,3232.024249762783
4706,3229.4988811130397
4707,3215.2154644463726
4708,3458.0526083333334
4709,11419.992361111112
4710,3486.243838095238
4711,3219.203110060407
4712,3662.627808272844
4713,3650.940114932203
4714,13062.280961616163
4715,11605.023662082362
4716,2736.217042075925
4717,11608.344328749028
4718,11529.04512874903
4719,3493.4699152800094
4720,3657.166647619047
4721,3508.2890888053466
4722,11527.996327777777
4723,2797.6064415522214
4724,12996.200504365079
4725,13637.501223193472
4726,3934.7719166666666
4727,2973.9662629565264
4728,3654.940980952381
4729,3652.9813142857142
4730,3239.3092203649117
4731,13006.428461616164
4732,3449.677177694236
4733,13047.01938531746
4734,11615.165662082361
4735,3173.6969371202367
4736,3652.9268476190473
4737,3672.4215642857143
4738,12998.479961616162
4739,13812.797
4740,3676.4188476190475
4741,2929.7354398343273
4742,11419.992361111112
4743,3012.3188418735162
4744,3671.665080952381
4745,2978.160772480336
4746,2795.3673748855545
4747,11723.67962874903
4748,11596.637645415696
4749,3577.4400563252543
4750,3654.3135593766474
4751,13506.51326547619
4752,2990.55009340006
4753,3201.2952700019287
4754,3470.4226809523807
4755,3710.3112
4756,3195.035699580615
4757,2955.0704540562565
4758,14055.510238564213
4759,2912.258812261177
4760,3676.8299357142855
4761,12996.564504365078
4762,5100.592
4763,12998.750855555554
4764,4656.909083333334
4765,3659.784987948076
4766,12986.539972222225
4767,3429.4482309523805
4768,3933.93145
4769,3133.0634067379087
4770,3137.260745626798
4771,3112.152698718804
4772,3712.9792
4773,13020.618461616164
4774,3420.769879657477
4775,3255.5141126655108
4776,3665.2208309523808
4777,2789.7214721609935
4778,11419.992361111112
4779,3214.4825452380956
4780,4685.6805820308355
4781,3195.035699580615
4782,11419.992361111112
4783,11599.79666208236
4784,11615.165662082361
4785,3386.5864129908105
4786,11419.992361111112
4787,3278.7959692338886
4788,11599.79666208236
4789,3021.1141109724003
4790,3436.2140666666664
4791,2978.5601240885235
4792,12996.200504365079
4793,3193.749699580615
4794,3152.716270001929
4795,3220.9804366685953
4796,11608.344328749028
4797,3122.9379949732033
4798,3233.462793572307
4799,2807.509319586411
4800,3931.1279142857143
4801,3228.3128396799675
4802,2872.25513675749
4803,3271.63954066246
4804,2721.8937765391984
4805,11374.708311111113
4806,3392.4236886662356
4807,3584.6299545936527
4808,3388.5039129908105
4809,12996.200504365079
4810,3198.590828571429
4811,3435.7937714662153
4812,3235.7852497627828
4813,11422.031827777777
4814,3421.6834349206347
4815,11437.348361111111
4816,3647.955114932203
4817,3870.443981829843
4818,3273.41254066246
4819,13061.916961616162
4820,4384.603999062048
4821,3180.5217704535703
4822,2861.43547897463
4823,3217.1874952380954
4824,11419.992361111112
4825,11599.79666208236
4826,11422.031827777777
4827,11422.031827777777
4828,2796.526419586411
4829,3678.8025809523806
4830,2831.301764140074
4831,3693.0570976190475
4832,3163.851954109173
4833,14055.510238564213
4834,2965.1106022384433
4835,13087.044355555556
4836,3117.647244973203
4837,3024.291237329865
4838,3471.0985539337476
4839,11608.634328749029
4840,3237.0593822696737
4841,3243.695222143736
4842,2808.643174885555
4843,3486.5401652800097
4844,3632.699944993895
4845,2797.056963921387
4846,3657.166647619047
4847,12986.539972222225
4848,2722.5307765391985
4849,3575.8392146187152
4850,3001.434940691365
4851,4632.808003334093
4852,3158.642464446373
4853,11599.79666208236
4854,11612.30366208236
4855,11870.51048396913
4856,4626.946272381711
4857,11632.58541208236
4858,3908.740914285714
4859,3868.211374094327
4860,3489.684198678562
4861,12997.831504365078
4862,3473.156488095238
4863,4615.921903334093
4864,11629.307395415695
4865,11422.031827777777
4866,17534.119566666668
4867,14141.894481962483
4868,3032.027156702159
4869,3650.940114932203
4870,3026.138265829143
4871,3246.4240110275696
4872,3234.1101164294496
4873,11599.79666208236
4874,2997.005036148371
4875,4382.836320707071
4876,3228.3948396799674
4877,3398.8464
4878,3654.940980952381
4879,3427.858357142857
4880,2798.3910415522214
4881,3473.467438095238
4882,13486.838122619047
4883,13012.887105555556
4884,11596.637645415696
4885,3485.88
4886,3476.0071880952382
4887,3226.038506346634
4888,4349.565490728716
4889,11420.282611111112
4890,2797.7838305505793
4891,11529.04512874903
4892,3463.8897059523806
4893,2948.4567089453344
4894,3470.907488095238
4895,3015.295724485349
4896,3416.9105380952383
4897,13688.596
4898,11599.79666208236
4899,11419.992361111112
4900,2929.7354398343273
4901,4626.946272381711
4902,3794.239
4903,3588.913746801445
4904,13002.77750436508
4905,3238.6390110275693
4906,3582.823954593653
4907,3493.4699152800094
4908,12989.827961616162
4909,3234.934793572307
4910,2879.2140784241565
4911,3931.3036666666667
4912,11602.57266208236
4913,12996.200504365079
4914,11840.078481588178
4915,4603.418071428571
4916,12998.750855555554
4917,11599.79666208236
4918,12989.827961616162
4919,3227.5590777752054
4920,3237.964793572307
4921,3130.9365838620924
4922,3957.94795
4923,2956.8204589453344
4924,2797.6064415522214
4925,3608.5676602091985
4926,3236.475660238974
4927,3228.678506346634
4928,2779.806659276336
4929,3958.1432
4930,3271.9268793529363
4931,4603.370461667427
4932,13009.900171031746
4933,3332.4475223815875
4934,11599.79666208236
4935,11363.079311111112
4936,3935.8100499999996
4937,11419.992361111112
4938,4390.448415728715
4939,3233.215793572307
4940,3118.9577564111114
4941,3195.035699580615
4942,13491.30651547619
4943,3652.364987948076
4944,12998.479961616162
4945,3235.6446602389738
4946,4349.565490728716
4947,11599.79666208236
4948,13891.729
4949,3118.9607564111116
4950,13086.045022222223
4951,12997.831504365078
4952,12985.855972222223
4953,3234.934793572307
4954,3650.6031149322025
4955,13010.264171031748
4956,3498.520333333333
4957,13062.424313888887
4958,12984.908972222223
4959,3470.127738095238
4960,3782.557991681226
4961,3476.0071880952382
4962,3164.1944934281405
4963,3234.934793572307
4964,11531.16912874903
4965,3381.0041744287187
4966,11425.426361111113
4967,3513.6917976190475
4968,3132.2635598916263
4969,3933.93145
4970,4657.674216666667
4971,11599.79666208236
4972,2947.1496176051564
4973,2777.8098270166224
4974,2722.5307765391985
4975,2797.854774885555
4976,3468.1929309523807
4977,3982.1896433665056
4978,3674.411080952381
4979,3490.572714285714
4980,13152.34818888889
4981,3280.7739692338887
4982,3121.9689949732033
4983,2946.469434240495
4984,3134.34258370115
4985,3455.3652476190473
4986,3640.923373565324
4987,13081.402337698413
4988,2729.6022846671813
4989,3233.215793572307
4990,2965.1106022384433
4991,11443.476577777777
4992,2797.108463921387
4993,3273.5744073291266
4994,3227.9074366685954
4995,13460.39451547619
4996,12648.744733333335
4997,2994.882008945334
4998,3472.395830952381
4999,11599.79666208236
5000,2917.4247145095137
5001,3114.3311153854706
5002,11357.636311111113
5003,11596.637645415696
5004,3195.3709662472816
5005,3132.2635598916263
5006,2971.8565431361426
5007,13062.280961616163
5008,12996.564504365078
5009,3111.5363083261554
5010,12207.049625601623
5011,13460.39451547619
5012,3668.245830952381
5013,2995.025129623193
5014,3678.2433142857144
5015,3181.4986138765216
5016,3683.3558476190474
5017,13491.30651547619
5018,13482.007039285714
5019,3647.955114932203
5020,13002.57950436508
5021,2995.8872811675565
5022,11599.79666208236
5023,11840.078481588178
5024,3175.7694213450295
5025,11599.79666208236
5026,3469.2892476190473
5027,11422.031827777777
5028,3162.064020001929
5029,11613.966912082362
5030,3409.6256833333337
5031,11599.79666208236
5032,3435.0270309523803
5033,3119.758244973203
5034,11422.031827777777
5035,3634.142944993895
5036,2884.616383689748
5037,3457.7796809523807
5038,2868.5715140150082
5039,2929.6804398343274
5040,3144.6898824675322
5041,3118.9607564111116
5042,13076.924563888886
5043,12998.386855555555
5044,2944.6738342404947
5045,4604.551916666667
5046,3680.2839809523807
5047,11605.023662082362
5048,2927.3858786918886
5049,3405.51525
5050,13010.264171031748
5051,14310.455738564215
5052,3278.144969233889
5053,11613.802912082361
5054,15261.901217460318
5055,13087.092022222223
5056,3724.8178898498822
5057,3026.860047104397
5058,3493.632714285714
5059,2994.648258945334
5060,3014.5757244853494
5061,13875.951
5062,3672.4215642857143
5063,11363.079311111112
5064,3142.702882467532
5065,3398.8464
5066,3659.784987948076
5067,13445.413039285713
5068,2974.9791296231933
5069,2929.350731375396
5070,2779.221992609669
5071,11529.04512874903
5072,11615.014662082362
5073,3635.684944993895
5074,15535.302680555555
5075,3232.426249762783
5076,11419.992361111112
5077,3471.079388095238
5078,3271.39254066246
5079,3239.0503822696737
5080,3239.3092203649117
5081,2929.7354398343273
5082,11599.79666208236
5083,12984.908972222223
5084,11529.04512874903
5085,2973.5010153583653
5086,2956.8237097180995
5087,3652.9813142857142
5088,3580.6903182300166
5089,3182.8207027654103
5090,4381.542915728715
5091,11533.94512874903
5092,3603.017694548872
5093,4604.551916666667
5094,3263.955892066214
5095,3663.653474939511
5096,3186.4447704535705
5097,3680.793371428571
5098,3189.0658867521374
5099,3437.2200714285714
5100,3234.2857935723073
5101,3438.9604000000004
5102,3635.703393027441
5103,3117.647244973203
5104,3691.4728309523807
5105,2795.6412748855546
5106,12985.855972222223
5107,2929.7354398343273
5108,11599.79666208236
5109,3175.840937120237
5110,3237.964793572307
5111,2960.176508945334
5112,3905.1427999999996
5113,11599.79666208236
5114,3157.7325534188044
5115,3145.4260491341984
5116,11531.16912874903
5117,2805.2990278866087
5118,3475.0670476190476
5119,3235.630687858021
5120,2711.1657906764935
5121,12996.200504365079
5122,11603.371662082362
5123,12996.200504365079
5124,13810.268
5125,3591.3283831650815
5126,3005.340231815612
5127,3163.851954109173
5128,2952.3907089453346
5129,3417.2255880952375
5130,13009.900171031746
5131,2795.3673748855545
5132,3583.104954593653
5133,13062.280961616163
5134,13774.073973193472
5135,13445.413039285713
5136,2957.3814589453345
5137,11438.572827777776
5138,2950.182812888905
5139,13491.30651547619
5140,12996.564504365078
5141,11599.79666208236
5142,13023.416421031747
5143,3238.61964893634
5144,12986.539972222225
5145,12998.750855555554
5146,2929.7354398343273
5147,3186.4447704535705
5148,11599.79666208236
5149,3487.6410476190476
5150,3110.5673083261554
5151,11624.121728749029
5152,11599.79666208236
5153,3022.9035748821743
5154,3932.0136666666667
5155,3157.7325534188044
5156,3461.24782213868
5157,13472.696372619046
5158,3478.4032547619045
5159,11425.426361111113
5160,11421.067361111112
5161,2898.178591462854
5162,2948.9452176051564
5163,3125.7386567379085
5164,3461.943930952381
5165,4416.489093722943
5166,2793.9367305505793
5167,3577.4400563252543
5168,3016.3147244853494
5169,2727.453080579602
5170,11599.79666208236
5171,3661.2158309523807
5172,13006.792461616164
5173,11510.062357777779
5174,11599.79666208236
5175,3197.026699580615
5176,11419.992361111112
5177,14311.374
5178,11437.403361111112
5179,11600.086662082362
5180,3383.898511027569
5181,13434.892057142855
5182,13020.618461616164
5183,3688.2868309523806
5184,2948.9452176051564
5185,3588.913746801445
5186,3237.0593822696737
5187,11529.04512874903
5188,2724.1260488044763
5189,11599.79666208236
5190,13482.007039285714
5191,2819.3951702331183
5192,2994.286767073609
5193,3584.3489545936527
5194,3452.634079657477
5195,2729.719898761421
5196,2927.3858786918886
5197,13021.855051984126
5198,13688.596
5199,13067.948022222223
5200,3370.320221999569
5201,11357.636311111113
5202,3237.1652316675445
5203,3169.2664586477636
5204,2895.555081732005
5205,3018.3825616939002
5206,2867.5457368625316
5207,11511.360861111112
5208,3232.6732497627827
5209,2810.785730550579
5210,3678.2433142857144
5211,2935.1548400642523
5212,2900.062591462854
5213,12847.498386219335
5214,2739.2634605865383
5215,3903.4652
5216,3473.156488095238
5217,12996.564504365078
5218,3002.8199744853496
5219,3233.215793572307
5220,3930.94745
5221,4604.551916666667
5222,3450.5250666666666
5223,12985.272972222225
5224,3025.5385991624767
5225,3234.172660238974
5226,11596.637645415696
5227,3263.955892066214
5228,3643.146386050622
5229,12996.564504365078
5230,2807.8165278866086
5231,3002.2215888432133
5232,3120.2325042743596
5233,3656.1785435036313
5234,3238.0467935723073
5235,3118.9607564111116
5236,3929.2261642857143
5237,3447.4290666666666
5238,2994.9961994936743
5239,13062.788313888886
5240,3236.475660238974
5241,11608.344328749028
5242,13001.040855555555
5243,11991.282371847918
5244,11363.079311111112
5245,3863.9132645705176
5246,11599.79666208236
5247,12985.272972222225
5248,3656.1785435036313
5249,2703.731875932019
5250,11443.476577777777
5251,2995.3423930375398
5252,3651.5615593766474
5253,3228.678506346634
5254,2796.389569528979
5255,3419.099454761905
5256,3665.0598309523807
5257,11363.079311111112
5258,3237.6115665831244
5259,3110.5673083261554
5260,11363.079311111112
5261,3183.4063670302394
5262,3323.1352557149207
5263,3591.0473831650816
5264,3174.406690865838
5265,12999.098972222224
5266,3576.6702146187154
5267,3234.934793572307
5268,2780.5312270166223
5269,13810.268
5270,3591.3283831650815
5271,3571.8252146187156
5272,11443.476577777777
5273,3278.7539692338887
5274,3477.7603321428574
5275,4604.551916666667
5276,11457.497577777776
5277,11545.73477874903
5278,2996.7723012252764
5279,3464.5888309523807
5280,3130.2631379138884
5281,2966.6495431361427
5282,3473.156488095238
5283,3659.784987948076
5284,13080.574337698414
5285,3193.749699580615
5286,3129.579137913888
5287,3931.1279142857143
5288,11363.079311111112
5289,11608.344328749028
5290,3210.708064446373
5291,3146.141220085471
5292,2955.271731167557
5293,11615.165662082361
5294,3176.976867030239
5295,11529.04512874903
5296,11419.992361111112
5297,3573.820484896683
5298,3174.4298638765217
5299,12980.175233333332
5300,11419.992361111112
5301,3222.4614481556464
5302,3398.9676833333338
5303,3132.432745626798
5304,12984.908972222223
5305,12062.41897161537
5306,3181.7057704535705
5307,11422.031827777777
5308,3171.6068700019287
5309,3651.096980952381
5310,3649.3981149322026
5311,3450.806177694236
5312,2946.524434240495
5313,2982.142221715897
5314,11531.16912874903
5315,3419.559538095238
5316,2947.1496176051564
5317,3863.663
5318,13436.674057142856
5319,2998.547551225276
5320,2900.062591462854
5321,3580.9190563252546
5322,3158.4796
5323,13010.264171031748
5324,13438.354372619046
5325,2726.8001230024192
5326,11599.79666208236
5327,3390.5846083333336
5328,11529.04512874903
5329,4658.3349153641675
5330,11599.79666208236
5331,2948.4567089453344
5332,11624.272728749029
5333,13010.01450436508
5334,11632.37241208236
5335,3426.0627880952384
5336,3674.003230952381
5337,3277.0094073291266
5338,11419.992361111112
5339,13062.280961616163
5340,3238.0467935723073
5341,3125.7386567379085
5342,3688.2868309523806
5343,11531.16912874903
5344,3268.272320637642
5345,13006.428461616164
5346,11419.992361111112
5347,13061.916961616162
5348,3176.1841713450294
5349,11599.79666208236
5350,3221.6572814889796
5351,11608.344328749028
5352,11449.791577777776
5353,13062.280961616163
5354,3276.283978757698
5355,11599.79666208236
5356,4407.234494516594
5357,2716.3876765391983
5358,12996.564504365078
5359,2731.87079233257
5360,3176.625867030239
5361,3236.812660238974
5362,3898.49975
5363,2794.8663748855543
5364,3228.3948396799674
5365,3234.934793572307
5366,2705.3242092653527
5367,13062.788313888886
5368,3179.4543638765217
5369,13007.375461616164
5370,3933.964964285714
5371,2739.240836640114
5372,3015.389574882174
5373,11531.16912874903
5374,12999.098972222224
5375,13501.19751547619
5376,13001.040855555555
5377,2750.0948478881255
5378,2827.8649853802
5379,3003.879221715897
5380,2827.8649853802
5381,3218.2565452380954
5382,11529.04512874903
5383,13062.788313888886
5384,12996.564504365078
5385,3473.156921466215
5386,3678.8025809523806
5387,3011.2678393552947
5388,13445.413039285713
5389,11561.16887874903
5390,12180.594835125434
5391,2891.94406175749
5392,11599.79666208236
5393,13067.948022222223
5394,13438.354372619046
5395,3650.6031149322025
5396,3232.426249762783
5397,3657.0260142857137
5398,13062.280961616163
5399,3122.9379949732033
5400,12998.750855555554
5401,11603.047662082361
5402,4620.133583333333
5403,3170.9771713450295
5404,11492.806861111112
5405,3263.955892066214
5406,3197.8969541091733
5407,3721.9904500000002
5408,3462.37682213868
5409,3222.8338648223125
5410,3393.4141554720136
5411,12997.147504365079
5412,3456.121350037645
5413,3142.5035534188046
5414,3471.7427476190473
5415,12997.147504365079
5416,13010.264171031748
5417,4349.565490728716
5418,3465.586680952381
5419,2991.5466457810116
5420,13434.892057142855
5421,12984.908972222223
5422,12996.564504365078
5423,2722.7986311220775
5424,4620.9131547619045
5425,14176.903481962483
5426,11363.079311111112
5427,3907.1838166666666
5428,12998.750855555554
5429,3017.4087244853495
5430,3021.365196707572
5431,3657.166647619047
5432,11599.79666208236
5433,3853.4185
5434,3013.4932244853494
5435,2948.9452176051564
5436,11419.992361111112
5437,3234.172660238974
5438,2959.974125612001
5439,11529.04512874903
5440,13001.040855555555
5441,3470.4226809523807
5442,4403.971244516594
5443,11419.992361111112
5444,3237.0593822696737
5445,11811.078550635795
5446,11596.637645415696
5447,11357.636311111113
5448,3580.9190563252546
5449,4626.946272381711
5450,2948.9452176051564
5451,3235.7733822696737
5452,3267.804804228709
5453,12985.272972222225
5454,3261.1578920662137
5455,3680.793371428571
5456,11380.151311111113
5457,2961.529793136143
5458,2975.790543136143
5459,3218.327135714286
5460,3470.907488095238
5461,2796.502274885555
5462,3158.0294644463734
5463,3591.3283831650815
5464,3584.547954593653
5465,3649.137314285714
5466,3261.1578920662137
5467,12996.564504365078
5468,3591.0473831650816
5469,13491.30651547619
5470,3489.9931015873017
5471,3236.475660238974
5472,13081.402337698413
5473,2962.34276890511
5474,11534.27212874903
5475,3651.5615593766474
5476,3443.6702
5477,11529.04512874903
5478,3022.2490963107457
5479,3577.4400563252543
5480,3169.0131138765214
5481,12062.41897161537
5482,4630.295322381711
5483,3456.5193500376445
5484,2947.3468516673156
5485,11423.106827777778
5486,3234.2857935723073
5487,2882.429205440867
5488,3229.4848811130396
5489,3933.7429166666666
5490,3197.9979527654104
5491,2715.2882765391987
5492,11602.57266208236
5493,2978.307821705868
5494,3195.3709662472816
5495,11372.042311111112
5496,3427.2113821428566
5497,3580.6903182300166
5498,13775.797639860139
5499,11531.16912874903
5500,13775.797639860139
5501,3263.1488920662136
5502,3580.9190563252546
5503,3001.046221715897
5504,12210.26581624019
5505,3168.364150955456
5506,3933.0409142857143
5507,11425.426361111113
5508,11357.636311111113
5509,4615.921903334093
5510,3214.5074733082706
5511,3934.3637642857143
5512,3235.0036602389737
5513,4632.808003334093
5514,11529.04512874903
5515,3674.003230952381
5516,2993.920940691365
5517,13482.007039285714
5518,3688.2868309523806
5519,11443.476577777777
5520,3471.7427476190473
5521,12049.47148694916
5522,4609.616154761905
5523,13445.413039285713
5524,3398.3723999999997
5525,11419.992361111112
5526,11419.992361111112
5527,3170.142370001929
5528,3138.889995626798
5529,2964.4215454323844
5530,3642.3830953219067
5531,11357.636311111113
5532,3189.8561138765217
5533,2742.0903772532047
5534,4387.628332395382
5535,11599.79666208236
5536,2728.9402613835637
5537,3584.547954593653
5538,16209.296692027412
5539,4620.133583333333
5540,3454.1369309523807
5541,3163.4987086477636
5542,11419.992361111112
5543,13062.280961616163
5544,2866.450514015008
5545,13006.792461616164
5546,11422.031827777777
5547,3228.7042700019288
5548,3672.4215642857143
5549,11425.426361111113
5550,3637.739393027441
5551,3273.65954066246
5552,3577.4400563252543
5553,13486.838122619047
5554,13067.206337698413
5555,13020.618461616164
5556,3102.2788376076924
5557,2948.9452176051564
5558,2948.9452176051564
5559,3121.2743879138884
5560,3580.6903182300166
5561,3280.702883519603
5562,12996.564504365078
5563,11459.409577777777
5564,11531.16912874903
5565,2899.9535914628536
5566,11531.16912874903
5567,11599.79666208236
5568,3579.6613182300166
5569,3217.9074952380956
5570,13482.007039285714
5571,3395.8121554720137
5572,13006.792461616164
5573,2727.074123002419
5574,11608.344328749028
5575,3933.93145
5576,3651.096980952381
5577,2715.2882765391987
5578,3721.8254500000003
5579,3654.3135593766474
5580,3659.784987948076
5581,3237.0593822696737
5582,13006.792461616164
5583,11529.04512874903
5584,4632.808003334093
5585,3393.4141554720136
5586,12996.564504365078
5587,2728.0191230024193
5588,2929.7354398343273
5589,2997.9272002664393
5590,3234.172660238974
5591,12996.564504365078
5592,3488.342466666667
5593,2951.8297089453345
5594,2897.283312261177
5595,3129.579137913888
5596,3447.4470666666666
5597,13006.428461616164
5598,3657.166647619047
5599,2959.7765089453337
5600,12998.750855555554
5601,2736.278
5602,12996.200504365079
5603,13062.280961616163
5604,12998.479961616162
5605,3653.322647619047
5606,11601.864645415695
5607,3020.916961369225
5608,13080.574337698414
5609,3176.976867030239
5610,3649.480114932203
5611,11600.086662082362
5612,3247.9671364294495
5613,3417.9735880952376
5614,13023.366421031747
5615,2721.6697765391987
5616,3235.7695665831243
5617,3114.3311153854706
5618,3928.7642
5619,3470.127738095238
5620,3189.1600534188046
5621,12986.539972222225
5622,2944.8322905248765
5623,2994.6897244853494
5624,3632.699944993895
5625,11599.79666208236
5626,3634.142944993895
5627,3238.2846602389736
5628,13472.696372619046
5629,13810.268
5630,11599.79666208236
5631,12985.272972222225
5632,3463.172247619047
5633,11596.637645415696
5634,3184.8711138765216
5635,2969.3497931361426
5636,3908.9048
5637,11422.031827777777
5638,3014.3472962898604
5639,2945.419311023848
5640,13010.264171031748
5641,3688.2868309523806
5642,11599.79666208236
5643,3721.4712000000004
5644,3233.7001399749374
5645,11599.79666208236
5646,3657.3474499999993
5647,3012.8836109724
5648,11603.047662082361
5649,2981.792515358365
5650,3680.2839809523807
5651,2929.7354398343273
5652,3361.7852557149204
5653,12984.908972222223
5654,3232.6732497627827
5655,2955.271731167557
5656,12998.750855555554
5657,3473.156488095238
5658,3232.6732497627827
5659,3493.4699152800094
5660,13062.788313888886
5661,12984.908972222223
5662,3929.2261642857143
5663,3168.2375318914787
5664,2795.94579725472
5665,11545.73477874903
5666,3482.622714285714
5667,2870.2485140150084
5668,3015.3009296231935
5669,3815.1805
5670,3473.5946916666667
5671,2963.8435089453337
5672,3242.523222143736
5673,3632.050944993895
5674,3450.5250666666666
5675,3504.75264028001
5676,11419.992361111112
5677,3632.699944993895
5678,3133.086382467532
5679,13716.497889860138
5680,11599.79666208236
5681,4603.370461667427
5682,3661.2158309523807
5683,3232.6732497627827
5684,2929.7354398343273
5685,2947.1496176051564
5686,11529.04512874903
5687,13436.317372619045
5688,3470.4226809523807
5689,3583.6753182300167
5690,3226.3218396799675
5691,3654.940980952381
5692,3130.9365838620924
5693,12980.175233333332
5694,12985.272972222225
5695,3197.026699580615
5696,3511.9546500000006
5697,4602.435236667427
5698,3237.0593822696737
5699,13434.892057142855
5700,13010.264171031748
5701,12985.272972222225
5702,2974.469543136143
5703,3202.5876231776783
5704,13434.892057142855
5705,12833.760886219336
5706,13818.088
5707,3196.2118157894743
5708,13121.50200436508
5709,11932.768855181255
5710,14954.991580772008
5711,3125.175443163248
5712,3473.467438095238
5713,2721.7402906764937
5714,3591.0473831650816
5715,3193.749699580615
5716,12984.908972222223
5717,11357.636311111113
5718,4609.926916666667
5719,12984.908972222223
5720,13008.059461616163
5721,3648.400995156721
5722,2995.319551998042
5723,2929.7354398343273
5724,3005.2263097420505
5725,12528.942775047173
5726,2964.82076890511
5727,3674.897047619047
5728,4323.886855122655
5729,13093.160688888891
5730,2727.074123002419
5731,3401.5346833333338
5732,3232.6732497627827
5733,13010.264171031748
5734,3457.7796809523807
5735,11443.476577777777
5736,3235.0036602389737
5737,11419.992361111112
5738,13062.788313888886
5739,11531.16912874903
5740,2977.7107629565267
5741,11531.16912874903
5742,11422.031827777777
5743,3574.3792146187157
5744,3167.3911311130396
5745,3465.586680952381
5746,3155.9345833333336
5747,11532.62012874903
5748,12996.200504365079
5749,12985.272972222225
5750,13000.676855555555
5751,3195.035699580615
5752,3144.299082467532
5753,3470.907488095238
5754,12998.750855555554
5755,3478.256188095238
5756,3003.8728105117493
5757,3008.247064095739
5758,3387.28141299081
5759,11363.079311111112
5760,13006.792461616164
5761,13647.448223193473
5762,3470.4226809523807
5763,3659.784987948076
5764,3665.0598309523807
5765,3580.0880563252545
5766,2902.2044724152347
5767,3603.352988805347
5768,12984.908972222223
5769,3023.0807244853495
5770,2995.0378128622565
5771,13001.456233333332
5772,3478.3942547619044
5773,3574.2972146187153
5774,13062.280961616163
5775,3745.6093500054076
5776,3582.4559545936527
5777,3554.40844679089
5778,3017.9527391678885
5779,3387.4564129908103
5780,11611.203295415697
5781,3591.3283831650815
5782,3665.261297619047
5783,3676.5445690476186
5784,11443.476577777777
5785,3897.0054642857144
5786,4602.435236667427
5787,3124.841494973203
5788,3154.3140534188046
5789,12238.664701792099
5790,2732.912384511481
5791,13012.887105555556
5792,3465.4432476190473
5793,3544.945158695652
5794,11611.595328749028
5795,3140.577230952381
5796,3195.035699580615
5797,13077.090961616163
5798,2953.0022311675566
5799,2885.8196389099676
5800,3119.2635042743595
5801,2732.426179180076
5802,13878.229
5803,3232.6732497627827
5804,3656.1785435036313
5805,13436.674057142856
5806,11457.497577777776
5807,2955.6273628889044
5808,3263.955892066214
5809,3930.1349142857143
5810,11357.636311111113
5811,3384.2200758842814
5812,3198.8006314398367
5813,3477.7603321428574
5814,3462.7396809523807
5815,11419.992361111112
5816,11420.282611111112
5817,3225.0358396799675
5818,11422.031827777777
5819,2969.61896890511
5820,2998.5410153583653
5821,12998.750855555554
5822,3599.847954593653
5823,3129.2813824675322
5824,3130.1237309523804
5825,3236.492793572307
5826,2910.605575242962
5827,3183.610867030239
5828,3680.2839809523807
5829,3398.1604997773466
5830,3407.3446833333337
5831,2899.856591462854
5832,3340.779
5833,3285.030222210079
5834,3133.0634067379087
5835,3238.0467935723073
5836,13001.040855555555
5837,16283.19304242424
5838,3635.684944993895
5839,3486.5401652800097
5840,3233.462793572307
5841,11608.344328749028
5842,3632.699944993895
5843,3236.475660238974
5844,3141.3165642857143
5845,3447.4290666666666
5846,12276.174492268286
5847,13001.040855555555
5848,13496.148789285713
5849,3223.0166866685954
5850,2947.1496176051564
5851,4410.62466118326
5852,11624.272728749029
5853,12621.613180450106
5854,3000.1400471043967
5855,3476.0071880952382
5856,13472.696372619046
5857,2772.573659276336
5858,11600.086662082362
5859,13491.30651547619
5860,2772.573659276336
5861,3654.940980952381
5862,3647.955114932203
5863,11443.476577777777
5864,3572.8542146187156
5865,3233.462793572307
5866,2966.6495431361427
5867,2929.7354398343273
5868,2895.555081732005
5869,3203.487844736842
5870,3473.467438095238
5871,3419.0994425509475
5872,11531.16912874903
5873,3650.196559376647
5874,3271.6798793529365
5875,13006.428461616164
5876,2811.671589900839
5877,2966.981122133219
5878,4664.563083333334
5879,2977.8360431361425
5880,3197.9979527654104
5881,11602.57266208236
5882,3171.1961541091728
5883,13006.792461616164
5884,3656.1785435036313
5885,2873.6280183846866
5886,2947.1496176051564
5887,11600.086662082362
5888,11419.992361111112
5889,2797.1773748855544
5890,13775.797639860139
5891,3426.0192154761903
5892,3644.1720527172884
5893,3279.9840714792117
5894,11599.79666208236
5895,3002.5828873280625
5896,3417.8156380952382
5897,3123.9286379138885
5898,12634.392816666666
5899,3234.934793572307
5900,3470.907488095238
5901,3672.4215642857143
5902,13080.574337698414
5903,3383.4791744287186
5904,13010.264171031748
5905,4590.719170000761
5906,11443.476577777777
5907,3007.6043097420506
5908,13491.30651547619
5909,3023.619064095739
5910,3668.245830952381
5911,14514.726888564213
5912,2947.3468516673156
5913,11600.086662082362
5914,3123.747156737909
5915,12997.831504365078
5916,2900.062591462854
5917,3487.7360476190474
5918,3576.7910563252544
5919,3241.016553698245
5920,4590.719170000761
5921,3114.7185083261556
5922,3383.6292682539683
5923,3274.763407329127
5924,3631.670944993895
5925,3215.6734714983163
5926,2995.684897834223
5927,3237.1652316675445
5928,3480.9683322760566
5929,13474.733372619046
5930,3653.086559376647
5931,3583.6753182300167
5932,3001.3652811675565
5933,3261.709892066214
5934,13007.90850436508
5935,11363.079311111112
5936,3110.0093653854706
5937,13434.892057142855
5938,3591.0473831650816
5939,3182.8207027654103
5940,11531.16912874903
5941,3017.464222647325
5942,2943.7239571915434
5943,3428.1336904761906
5944,11373.965311111113
5945,11436.873827777777
5946,3344.95535
5947,3176.625867030239
5948,3023.0807244853495
5949,3016.2695616939004
5950,11422.031827777777
5951,2804.3485278866087
5952,3428.5953221386803
5953,12999.098972222224
5954,3377.343533403078
5955,3195.035699580615
5956,3191.333844736842
5957,12996.564504365078
5958,3633.2313930274413
5959,11357.636311111113
5960,3398.9676833333338
5961,3228.3948396799674
5962,11532.296128749029
5963,3387.4564129908103
5964,3692.354297619047
5965,13445.413039285713
5966,2794.9952972547203
5967,3656.7708476190473
5968,11596.637645415696
5969,3135.321430547433
5970,11419.992361111112
5971,11419.992361111112
5972,2873.6280183846866
5973,3004.0661355717766
5974,12999.098972222224
5975,13718.835889860138
5976,3274.763407329127
5977,2897.6813122611766
5978,3466.762079657477
5979,13006.792461616164
5980,3009.1183248821744
5981,3652.9813142857142
5982,3472.395830952381
5983,13482.007039285714
5984,3235.6932316675448
5985,13444.030807142855
5986,3261.1578920662137
5987,12997.356972222224
5988,13436.674057142856
5989,3163.837020001929
5990,3634.142944993895
5991,11601.864645415695
5992,3183.4063670302394
5993,11600.086662082362
5994,13501.19751547619
5995,3470.4226809523807
5996,4656.351583333334
5997,11422.322077777777
5998,3129.318156737909
5999,3681.371095321907
6000,11599.79666208236
6001,11599.79666208236
6002,2731.66479233257
6003,3232.6732497627827
6004,3591.3283831650815
6005,11599.79666208236
6006,13020.618461616164
6007,2987.3124365158
6008,2948.9452176051564
6009,2892.622481732005
6010,3239.1323822696736
6011,12996.564504365078
6012,11443.476577777777
6013,12997.147504365079
6014,11363.079311111112
6015,12985.272972222225
6016,3233.462793572307
6017,13491.30651547619
6018,2727.910080579602
6019,11363.079311111112
6020,3492.3276015873016
6021,3647.955114932203
6022,11632.37241208236
6023,3681.025514285714
6024,3571.8252146187156
6025,3008.0703097420505
6026,11529.04512874903
6027,12062.41897161537
6028,4609.926916666667
6029,11459.054577777777
6030,11529.04512874903
6031,2986.7105153583652
6032,3028.512501940254
6033,3649.137314285714
6034,3493.632714285714
6035,13042.792337698413
6036,3138.205995626798
6037,3930.94745
6038,3635.703393027441
6039,3455.3652476190473
6040,3391.7034
6041,4384.603999062048
6042,2929.7354398343273
6043,11363.079311111112
6044,2737.905375409258
6045,11421.067361111112
6046,12997.356972222224
6047,3716.38945
6048,11422.031827777777
6049,2993.1398628889037
6050,13062.280961616163
6051,11840.078481588178
6052,11419.992361111112
6053,15102.184319841272
6054,3934.3637642857143
6055,3482.2057902800098
6056,11608.344328749028
6057,4674.1370463165495
6058,3383.848261027569
6059,3377.773631439836
6060,4361.828161183261
6061,3650.940114932203
6062,3651.096980952381
6063,13482.007039285714
6064,3935.41125
6065,3634.2603930274413
6066,3593.1302463241436
6067,11599.79666208236
6068,12996.564504365078
6069,11599.413645415696
6070,2728.011123002419
6071,3273.65954066246
6072,2798.644830550579
6073,4632.808003334093
6074,2999.265096310746
6075,2800.3953748855542
6076,13004.373105555555
6077,2905.7045953952943
6078,3493.632714285714
6079,3678.2433142857144
6080,2806.5099000279088
6081,3204.0648700019287
6082,3833.4550642857143
6083,11357.636311111113
6084,3233.215793572307
6085,2798.3910415522214
6086,11371.657311111114
6087,2991.8981994936744
6088,3468.1929309523807
6089,3124.7144067379086
6090,3632.699944993895
6091,3580.9190563252546
6092,11419.992361111112
6093,3661.2158309523807
6094,12569.899193037518
6095,4323.886855122655
6096,3377.773631439836
6097,3634.2603930274413
6098,4626.946272381711
6099,2929.7354398343273
6100,11602.57266208236
6101,12996.564504365078
6102,4626.946272381711
6103,3163.7292241991713
6104,13472.696372619046
6105,11615.014662082362
6106,4620.9131547619045
6107,3678.7023142857142
6108,11421.067361111112
6109,3020.8641254251024
6110,12996.564504365078
6111,11421.067361111112
6112,3446.4818666666665
6113,3138.263382467532
6114,4619.642083333333
6115,2948.9452176051564
6116,2944.7772905248767
6117,2729.267830964814
6118,11419.992361111112
6119,2730.1010805796022
6120,3233.462793572307
6121,2799.360630588054
6122,3557.870354761905
6123,2979.150096310746
6124,3493.4699152800094
6125,11531.16912874903
6126,13010.01450436508
6127,3236.475660238974
6128,3465.4432476190473
6129,11511.360861111112
6130,17742.006236471858
6131,3450.5032
6132,13489.141122619047
6133,3175.840937120237
6134,3203.7737898443447
6135,2999.7692002664394
6136,2799.6634415522212
6137,2736.0371692689073
6138,13460.39451547619
6139,12985.272972222225
6140,13472.696372619046
6141,13877.354
6142,2970.7333628889037
6143,14379.026
6144,4604.551916666667
6145,13010.264171031748
6146,3486.5401652800097
6147,3464.5888309523807
6148,11818.776550635796
6149,3263.230892066214
6150,3236.7501164294495
6151,3137.260745626798
6152,3191.963009301157
6153,11357.636311111113
6154,2929.7354398343273
6155,12996.564504365078
6156,13434.892057142855
6157,4640.862522381712
6158,3151.922082467532
6159,3152.022882467532
6160,14965.17756648629
6161,12857.556988492062
6162,13062.788313888886
6163,3135.321430547433
6164,3815.512
6165,3384.2200758842814
6166,3661.2158309523807
6167,11602.57266208236
6168,13011.531171031747
6169,2997.335810511749
6170,4387.628332395382
6171,13810.268
6172,13403.447057142856
6173,12997.831504365078
6174,3672.4215642857143
6175,3653.8195593766472
6176,3228.3128396799675
6177,13434.892057142855
6178,3380.452866736411
6179,12993.484772222222
6180,11422.031827777777
6181,11419.992361111112
6182,3150.5815491341987
6183,13474.733372619046
6184,3420.769879657477
6185,11419.992361111112
6186,11611.595328749028
6187,13062.280961616163
6188,4602.435236667427
6189,3141.8380194363217
6190,13062.280961616163
6191,13850.793
6192,2980.2388873280624
6193,3454.1369309523807
6194,12996.564504365078
6195,3125.017064285714
6196,3720.5419500000003
6197,11532.62012874903
6198,3930.94745
6199,3155.2950200019286
6200,3632.699944993895
6201,13482.007039285714
6202,3008.0703097420505
6203,3190.554364822313
6204,2899.7512581295205
6205,3234.9411164294497
6206,3020.7742391678885
6207,3168.759789844345
6208,2794.189774885555
6209,4590.719170000761
6210,13153.206216666664
6211,11596.637645415696
6212,11600.086662082362
6213,3398.9676833333338
6214,11419.992361111112
6215,11602.57266208236
6216,3237.78864893634
6217,3587.0522146187154
6218,11363.079311111112
6219,11419.992361111112
6220,3468.1929309523807
6221,13006.792461616164
6222,3395.8121554720137
6223,11596.637645415696
6224,3015.295724485349
6225,3470.185205952381
6226,4985.7775
6227,11419.992361111112
6228,11599.79666208236
6229,2871.5497368625315
6230,3899.51875
6231,13006.792461616164
6232,13012.887105555556
6233,3239.69764893634
6234,13010.264171031748
6235,3218.694844736842
6236,11421.067361111112
6237,3132.3504712472213
6238,11358.711311111114
6239,3655.762987948076
6240,3004.1932002664394
6241,2778.6803270166224
6242,13491.30651547619
6243,3546.6965467908904
6244,11599.79666208236
6245,3186.7011138765215
6246,13006.428461616164
6247,3387.28141299081
6248,12641.969633333332
6249,3008.3247450595118
6250,3114.3311153854706
6251,4603.418071428571
6252,3210.224465323566
6253,2895.349081732005
6254,3688.2868309523806
6255,2806.7631945532753
6256,3651.5615593766474
6257,2739.240836640114
6258,13613.028
6259,13482.007039285714
6260,3408.7906886662354
6261,14979.23449505772
6262,3237.964793572307
6263,13858.362
6264,13080.574337698414
6265,11792.528769432787
6266,13775.797639860139
6267,3691.4728309523807
6268,3417.8336380952383
6269,11597.438645415696
6270,2875.4160784241567
6271,3234.934793572307
6272,3444.1364000000003
6273,2803.816194553275
6274,2721.8616765391985
6275,3410.309934920635
6276,3721.59045
6277,2895.446081732005
6278,11624.272728749029
6279,2878.8864790193943
6280,3935.41125
6281,13771.12163986014
6282,3908.740914285714
6283,3486.5401652800097
6284,3236.475660238974
6285,2729.9061230024195
6286,12996.564504365078
6287,13023.366421031747
6288,3235.7852497627828
6289,3583.104954593653
6290,13482.007039285714
6291,4603.370461667427
6292,11357.636311111113
6293,3131.892382467532
6294,2724.5019513338484
6295,3379.247761027569
6296,12049.47148694916
6297,3479.895330952381
6298,2814.973319586411
6299,3482.2057902800098
6300,13777.110639860139
6301,3704.6292000000003
6302,3555.434113457557
6303,13009.900171031746
6304,13504.37651547619
6305,12210.26581624019
6306,3178.6361200019287
6307,3212.1106866685955
6308,2947.1496176051564
6309,3768.5616648985947
6310,2967.909479555571
6311,3470.4226809523807
6312,3648.470944993895
6313,13012.421961616163
6314,3137.7375534188045
6315,3554.40844679089
6316,11599.79666208236
6317,3635.785393027441
6318,3406.2359963585427
6319,3015.710160783866
6320,3671.665080952381
6321,11420.282611111112
6322,3462.7396809523807
6323,11363.079311111112
6324,3238.0467935723073
6325,3612.339
6326,11363.951311111114
6327,13087.092022222223
6328,13001.040855555555
6329,3232.426249762783
6330,3676.5445690476186
6331,3761.685
6332,3118.409448718804
6333,2962.34276890511
6334,2947.3468516673156
6335,3678.7023142857142
6336,3659.784987948076
6337,11599.79666208236
6338,11419.992361111112
6339,13010.264171031748
6340,3463.172247619047
6341,3223.6532002716535
6342,2947.3468516673156
6343,3117.440448718804
6344,3933.0409142857143
6345,13010.264171031748
6346,4407.234494516594
6347,3409.6256833333337
6348,3122.9379949732033
6349,3650.912559376647
6350,3470.907488095238
6351,2895.411172170552
6352,2929.7354398343273
6353,12996.564504365078
6354,3934.3637642857143
6355,3003.431370704501
6356,12996.564504365078
6357,3005.7248388432135
6358,11428.346827777777
6359,2979.545804327729
6360,3649.137314285714
6361,12997.831504365078
6362,11599.79666208236
6363,3131.026406737909
6364,12642.648899999998
6365,12073.834495424895
6366,3462.7396809523807
6367,11531.16912874903
6368,3652.9268476190473
6369,3863.122011174037
6370,2975.5825089453338
6371,3228.5358165831244
6372,13021.253022222223
6373,3195.349970085471
6374,3579.6613182300166
6375,3486.5401652800097
6376,11599.79666208236
6377,3636.908393027441
6378,16130.90375869408
6379,3254.4884459988443
6380,2739.2634605865383
6381,3642.9098642857143
6382,2893.877081732005
6383,3672.4215642857143
6384,3004.144221715897
6385,11669.432162082361
6386,2974.2015454323846
6387,11443.476577777777
6388,3580.4250563252544
6389,2800.510130550579
6390,3018.1023072432845
6391,4630.431904761905
6392,11357.636311111113
6393,2870.2485140150084
6394,2898.3845914628537
6395,11419.992361111112
6396,11599.79666208236
6397,3261.1578920662137
6398,3182.5482814889797
6399,12996.200504365079
6400,2955.6273628889044
6401,12996.200504365079
6402,3199.3007814889797
6403,12998.750855555554
6404,3577.4400563252543
6405,11443.476577777777
6406,12641.662066666664
6407,13010.264171031748
6408,2959.8187311675565
6409,12996.200504365079
6410,2778.5563259430023
6411,2929.7354398343273
6412,3636.908393027441
6413,3179.054867030239
6414,4604.551916666667
6415,2811.711770233119
6416,3758.377626223381
6417,11608.344328749028
6418,14954.991580772008
6419,11596.637645415696
6420,3234.687793572307
6421,2765.052852007776
6422,13472.696372619046
6423,3232.6732497627827
6424,3669.105297619047
6425,3013.2958213652737
6426,3176.976867030239
6427,4382.836320707071
6428,14064.255238564214
6429,3209.312464446373
6430,3138.149245626798
6431,12998.479961616162
6432,3652.7665593766474
6433,3490.818133333333
6434,3188.8999842887893
6435,3479.8190476190475
6436,11599.79666208236
6437,2926.579936024934
6438,15199.055190079367
6439,2797.4953748855546
6440,3575.8392146187152
6441,3691.489297619047
6442,3398.3723999999997
6443,3419.2422380952385
6444,11421.067361111112
6445,11599.79666208236
6446,12998.479961616162
6447,3123.3328981269206
6448,2947.1496176051564
6449,3234.934793572307
6450,3465.4432476190473
6451,3436.7998000697444
6452,3454.932680952381
6453,11600.086662082362
6454,3513.6917976190475
6455,4603.418071428571
6456,3508.388
6457,4664.563083333334
6458,13015.177105555555
6459,3580.4250563252544
6460,3236.574793572307
6461,3582.6424639680763
6462,13889.451
6463,4382.836320707071
6464,3417.004677694236
6465,11443.476577777777
6466,11419.992361111112
6467,2709.1812765391987
6468,3492.3276015873016
6469,2782.7372270166215
6470,3584.6299545936527
6471,3934.598214285714
6472,2729.9061230024195
6473,3675.6390476190472
6474,3377.3147682539684
6475,3934.3637642857143
6476,2918.224812261177
6477,2903.1145953952946
6478,12062.41897161537
6479,3284.0465013892135
6480,3572.8542146187156
6481,3124.7144067379086
6482,3457.6362476190475
6483,11419.992361111112
6484,11599.79666208236
6485,3416.9105380952383
6486,4392.09191118326
6487,3933.93145
6488,3470.907488095238
6489,13482.007039285714
6490,3132.6372456267977
6491,3232.6732497627827
6492,3133.098064285714
6493,12536.706601515152
6494,3411.7749107142854
6495,11878.443567302464
6496,11357.636311111113
6497,3397.9231554720136
6498,12638.412863419911
6499,2946.524434240495
6500,3195.035699580615
6501,2900.062591462854
6502,3181.4986138765216
6503,3226.3218396799675
6504,11363.079311111112
6505,3473.147488095238
6506,3476.0071880952382
6507,13010.264171031748
6508,3236.574793572307
6509,11531.82112874903
6510,12996.564504365078
6511,13068.906313888887
6512,2729.1566765391985
6513,11612.30366208236
6514,2944.6738342404947
6515,3676.4188476190475
6516,3476.0071880952382
6517,12998.750855555554
6518,3225.0358396799675
6519,13486.838122619047
6520,3140.2155534188046
6521,3272.7434073291265
6522,3235.630687858021
6523,12989.827961616162
6524,11363.079311111112
6525,3866.67575
6526,11357.636311111113
6527,3482.903016704311
6528,3233.462793572307
6529,4617.510643810283
6530,3678.7023142857142
6531,2934.4498400642524
6532,11599.79666208236
6533,3678.8025809523806
6534,11534.74412874903
6535,4619.642083333333
6536,3007.9397244853494
6537,3215.2154644463726
6538,13062.280961616163
6539,11363.079311111112
6540,13123.934188888888
6541,3189.0658867521374
6542,3469.757714285714
6543,12999.098972222224
6544,2929.7354398343273
6545,11419.992361111112
6546,3176.3086510788703
6547,12998.750855555554
6548,17189.4367
6549,3394.8656833333334
6550,3113.788518539188
6551,11421.067361111112
6552,2929.7354398343273
6553,2806.2326502182996
6554,11596.637645415696
6555,11608.344328749028
6556,13010.264171031748
6557,3674.003230952381
6558,3129.318156737909
6559,2893.533481732005
6560,11608.344328749028
6561,11600.086662082362
6562,3698.97245
6563,14379.026
6564,3640.923373565324
6565,11840.078481588178
6566,13006.428461616164
6567,13010.01450436508
6568,11419.992361111112
6569,11422.031827777777
6570,3162.7602241991713
6571,3591.0473831650816
6572,3236.475660238974
6573,2974.7120771553446
6574,3576.4110563252543
6575,11361.580311111113
6576,2947.1496176051564
6577,2711.0837906764937
6578,11601.864645415695
6579,2876.25913675749
6580,3591.3283831650815
6581,3230.82563111304
6582,3395.0069940476187
6583,2978.7302574814466
6584,2981.327618333982
6585,11422.031827777777
6586,3134.033430547433
6587,3006.4256906913647
6588,11363.079311111112
6589,3470.907488095238
6590,3192.5623670302393
6591,3653.004559376647
6592,3654.3135593766474
6593,3641.7288642857143
6594,3474.960846428571
6595,2997.6562002664396
6596,2957.3814589453345
6597,11599.79666208236
6598,3678.2433142857144
6599,11599.79666208236
6600,3678.7023142857142
6601,3384.9814129908104
6602,13491.30651547619
6603,2722.5556311220776
6604,11601.59766208236
6605,3180.9513638765216
6606,11374.023311111114
6607,3688.2868309523806
6608,11422.031827777777
6609,11419.992361111112
6610,3678.2433142857144
6611,3273.41254066246
6612,3652.9813142857142
6613,11529.04512874903
6614,11421.067361111112
6615,11377.767311111113
6616,13062.424313888887
6617,13436.674057142856
6618,11357.636311111113
6619,4387.628332395382
6620,13491.30651547619
6621,4658.3349153641675
6622,4668.903248697503
6623,2736.430808414441
6624,3375.879333403078
6625,3238.2846602389736
6626,3443.6702
6627,11608.344328749028
6628,3118.9607564111116
6629,11599.79666208236
6630,11449.791577777776
6631,3624.425640539116
6632,3285.366222210079
6633,3011.8937450595117
6634,11357.636311111113
6635,11419.992361111112
6636,14981.973411724388
6637,11529.04512874903
6638,11422.031827777777
6639,3384.3132682539685
6640,3657.166647619047
6641,3575.8392146187152
6642,3152.188918250415
6643,3473.156488095238
6644,3176.0183638765216
6645,3233.215793572307
6646,3462.37682213868
6647,2727.783132373711
6648,11529.04512874903
6649,3002.753268688053
6650,3711.67045
6651,3129.318156737909
6652,11840.078481588178
6653,3678.684314285714
6654,11439.384361111112
6655,3588.913746801445
6656,3099.438174992822
6657,11596.637645415696
6658,12210.26581624019
6659,3119.1434067379087
6660,3217.9074952380956
6661,4699.5349986975025
6662,3680.2029809523806
6663,3001.046221715897
6664,3273.41254066246
6665,3122.9379949732033
6666,11531.16912874903
6667,2929.007131375396
6668,3582.075954593653
6669,13484.044039285714
6670,3129.579137913888
6671,2721.859243484822
6672,2968.5614296231934
6673,3491.900666666667
6674,3584.547954593653
6675,11596.637645415696
6676,11632.37241208236
6677,11419.992361111112
6678,3670.8335593766474
6679,3582.823954593653
6680,13491.30651547619
6681,11599.79666208236
6682,3244.1738108411023
6683,2805.8766945532752
6684,3474.951846428571
6685,13080.574337698414
6686,3450.5250666666666
6687,3478.256188095238
6688,11419.992361111112
6689,3122.9379949732033
6690,3852.1695642857144
6691,3234.934793572307
6692,13773.299973193472
6693,3016.408522290329
6694,3399.3056083333336
6695,3683.3378476190474
6696,3681.5485809523807
6697,3203.7737898443447
6698,12680.37135151515
6699,2721.6697765391987
6700,3635.684944993895
6701,11594.926244444445
6702,3482.2057902800098
6703,3211.8651866685955
6704,3239.1323822696736
6705,11422.031827777777
6706,3472.983680952381
6707,13472.696372619046
6708,3671.665080952381
6709,3015.750939147003
6710,3202.5821281520434
6711,3238.2856515037597
6712,11357.636311111113
6713,2948.9452176051564
6714,3276.283978757698
6715,3417.9735880952376
6716,12997.831504365078
6717,3193.749699580615
6718,12984.908972222223
6719,3393.4141554720136
6720,3478.256188095238
6721,3383.205261027569
6722,3122.3327042743595
6723,4387.628332395382
6724,2910.605575242962
6725,11443.476577777777
6726,3130.939583862092
6727,3010.0825918735163
6728,3140.0085534188042
6729,3632.699944993895
6730,2898.178591462854
6731,3582.4559545936527
6732,2950.5707097180994
6733,2974.199508945334
6734,3170.2686138765216
6735,4624.381083333333
6736,3504.165601587302
6737,3394.3789129908105
6738,2820.6717641400737
6739,3013.309439147003
6740,3462.7396809523807
6741,2984.7262391678887
6742,11357.636311111113
6743,3652.9813142857142
6744,11419.992361111112
6745,3223.752564446373
6746,2722.7547765391987
6747,11419.992361111112
6748,12073.834495424895
6749,3478.335498809524
6750,3405.650166666667
6751,3234.934793572307
6752,3661.2158309523807
6753,3225.5861866685955
6754,3185.8941367521375
6755,3203.2687814889796
6756,3577.4400563252543
6757,11422.031827777777
6758,3594.121
6759,12863.932799999999
6760,3472.983680952381
6761,14396.756
6762,3482.2057902800098
6763,3273.5744073291266
6764,2897.283312261177
6765,3387.289275884281
6766,3651.5615593766474
6767,3591.0473831650816
6768,11599.79666208236
6769,3482.2057902800098
6770,11369.394311111113
6771,13010.264171031748
6772,13061.916961616162
6773,3584.3489545936527
6774,3181.5313638765215
6775,2795.6412748855546
6776,3216.380370001929
6777,11615.014662082362
6778,3110.5673083261554
6779,3122.934994973203
6780,2975.4152827448297
6781,2953.4474589453343
6782,3017.464222647325
6783,13006.792461616164
6784,13091.537688888891
6785,14367.043
6786,3181.7057704535705
6787,3582.075954593653
6788,13010.264171031748
6789,13011.531171031747
6790,3157.8137491341986
6791,13491.30651547619
6792,3395.0069940476187
6793,2808.7667305505793
6794,3189.6107704535702
6795,13010.264171031748
6796,3652.9813142857142
6797,11596.637645415696
6798,3133.0505838620925
6799,11443.476577777777
6800,13063.547961616163
6801,3123.832156737909
6802,3688.6779500000002
6803,2992.173767073609
6804,2726.5176765391984
6805,13012.887105555556
6806,3344.068
6807,2944.6738342404947
6808,12530.023381315905
6809,11529.04512874903
6810,11363.079311111112
6811,13773.299973193472
6812,3470.907488095238
6813,3436.2140666666664
6814,2948.9452176051564
6815,3235.4985665831246
6816,13771.12163986014
6817,2768.6899408966647
6818,2947.3468516673156
6819,2929.7354398343273
6820,13436.674057142856
6821,3228.3128396799675
6822,13720.467
6823,3273.65954066246
6824,2727.074123002419
6825,3661.1094499999995
6826,3232.6732497627827
6827,11596.637645415696
6828,3007.6043097420506
6829,11447.420577777777
6830,3636.515944993895
6831,3274.5887460196027
6832,11419.992361111112
6833,3113.6365083261558
6834,13489.141122619047
6835,4387.628332395382
6836,2899.664591462854
6837,11603.371662082362
6838,3632.699944993895
6839,3470.4226809523807
6840,3124.8444949732034
6841,11357.636311111113
6842,4617.510643810283
6843,2952.3907089453346
6844,13482.007039285714
6845,3122.9379949732033
6846,3680.2029809523806
6847,3237.0593822696737
6848,3192.4399527654105
6849,3479.8190476190475
6850,3487.4938357519295
6851,3870.5364
6852,14514.726888564213
6853,3271.63954066246
6854,3176.4976200019287
6855,2955.0704540562565
6856,4619.642083333333
6857,3675.013047619047
6858,12998.750855555554
6859,3686.498733333333
6860,11377.100311111113
6861,11599.413645415696
6862,11435.336361111113
6863,13403.447057142856
6864,3491.900666666667
6865,3463.6344888053472
6866,13076.924563888886
6867,3654.940980952381
6868,12998.750855555554
6869,3688.2868309523806
6870,4674.078333333334
6871,3721.4712000000004
6872,3163.099464446373
6873,11357.636311111113
6874,17238.89286666667
6875,3930.94745
6876,3473.156488095238
6877,13023.416421031747
6878,13062.788313888886
6879,13010.01450436508
6880,2721.3788320947547
6881,3711.4121166666664
6882,3447.4290666666666
6883,14064.255238564214
6884,12989.463961616162
6885,2731.66479233257
6886,3197.026699580615
6887,13482.007039285714
6888,13062.788313888886
6889,3647.955114932203
6890,13023.366421031747
6891,3237.0593822696737
6892,3487.6410476190476
6893,2948.9452176051564
6894,11608.344328749028
6895,2709.967276539199
6896,3482.2057902800098
6897,3199.701171205919
6898,2818.6220738956063
6899,2947.3468516673156
6900,3186.2507046783626
6901,2778.6803270166224
6902,11419.992361111112
6903,3117.2369067379086
6904,3117.647244973203
6905,3668.800297619047
6906,2899.664591462854
6907,3173.901615789474
6908,13062.280961616163
6909,3447.4290666666666
6910,3398.8464
6911,4353.208249062049
6912,11608.344328749028
6913,2998.586767073609
6914,12998.750855555554
6915,3481.506532142857
6916,3463.172247619047
6917,3399.3056083333336
6918,11425.426361111113
6919,3691.4728309523807
6920,4630.431904761905
6921,4630.431904761905
6922,11808.66945990898
6923,3114.1797583261555
6924,3419.117454761905
6925,2705.3242092653527
6926,3646.926114932203
6927,3012.1118248821745
6928,11605.023662082362
6929,13010.01450436508
6930,12998.750855555554
6931,11419.992361111112
6932,2986.168573447499
6933,2900.062591462854
6934,11419.992361111112
6935,3413.3192349206342
6936,11613.571328749029
6937,13491.30651547619
6938,11419.992361111112
6939,3634.2603930274413
6940,3123.9286379138885
6941,3140.926995626798
6942,13053.565337698414
6943,2947.442812888905
6944,11357.636311111113
6945,13491.30651547619
6946,11531.45912874903
6947,3235.3661899749372
6948,11419.992361111112
6949,4632.808003334093
6950,11419.992361111112
6951,3260.9367968281185
6952,3238.0467935723073
6953,15102.184319841272
6954,3681.5485809523807
6955,13010.264171031748
6956,11419.992361111112
6957,3688.2868309523806
6958,12996.200504365079
6959,12984.908972222223
6960,3406.1131083333335
6961,2959.8187311675565
6962,3237.0593822696737
6963,4981.754166666667
6964,2709.9192765391986
6965,13641.570223193472
6966,12984.908972222223
6967,3133.21158370115
6968,3197.8969541091733
6969,12998.750855555554
6970,3463.8897059523806
6971,12996.564504365078
6972,12997.831504365078
6973,3237.0593822696737
6974,11363.079311111112
6975,3232.6732497627827
6976,11531.16912874903
6977,2808.999130550579
6978,11608.344328749028
6979,3656.1785435036313
6980,3113.6700064111114
6981,3235.0036602389737
6982,11371.705311111113
6983,12985.855972222223
6984,3193.749699580615
6985,11936.029936133633
6986,13062.424313888887
6987,2798.709870233119
6988,3234.934793572307
6989,3407.3446833333337
6990,11529.04512874903
6991,13688.596
6992,11608.344328749028
6993,3237.0593822696737
6994,3214.9145665831243
6995,3584.266954593653
6996,13076.874563888887
6997,4615.921903334093
6998,3935.41125
6999,13773.299973193472
7000,13041.759022222222
7001,3278.7539692338887
7002,11363.079311111112
7003,4626.946272381711
7004,3580.4250563252544
7005,2795.2193748855543
7006,11419.992361111112
7007,2960.464508945334
7008,11531.16912874903
7009,3668.800297619047
7010,2951.8297089453345
7011,3134.3592376076926
7012,13491.30651547619
7013,12996.200504365079
7014,3197.108699580615
7015,13006.792461616164
7016,3462.7396809523807
7017,3227.7661899749373
7018,2998.1512342429205
7019,3588.913746801445
7020,13818.088
7021,3583.104954593653
7022,3473.156488095238
7023,3138.889995626798
7024,4645.420166666667
7025,11531.16912874903
7026,3580.4250563252544
7027,11363.079311111112
7028,2928.0823988454467
7029,2884.0640287286283
7030,11599.79666208236
7031,3450.5032
7032,2729.9061230024195
7033,3572.8542146187156
7034,4640.862522381712
7035,2717.311779180076
7036,2948.8659589453346
7037,12989.827961616162
7038,2728.2851230024194
7039,13445.413039285713
7040,2732.030284667181
7041,2951.320812888905
7042,3675.6390476190472
7043,3462.7396809523807
7044,3181.5313638765215
7045,3183.610867030239
7046,2740.680169973447
7047,14064.255238564214
7048,4603.418071428571
7049,12883.434466666666
7050,3472.983680952381
7051,13080.574337698414
7052,3656.1785435036313
7053,11529.04512874903
7054,12996.564504365078
7055,3021.1141109724003
7056,13514.041182142857
7057,3470.4226809523807
7058,3463.172247619047
7059,2899.747591462854
7060,3232.426249762783
7061,3473.156488095238
7062,13850.793
7063,4602.435236667427
7064,11878.443567302464
7065,3973.7742000000003
7066,2728.5646456832233
7067,11599.888645415695
7068,12998.750855555554
7069,2798.3910415522214
7070,3420.769879657477
7071,3394.8656833333334
7072,3674.411080952381
7073,3234.172660238974
7074,11364.154311111113
7075,12995.250972222224
7076,3634.224944993895
7077,3216.9181637844617
7078,3416.3302309523806
7079,2797.0314639213866
7080,11422.031827777777
7081,11599.79666208236
7082,2946.469434240495
7083,11363.079311111112
7084,3929.2261642857143
7085,3678.7023142857142
7086,13080.574337698414
7087,2786.0028688001453
7088,13006.792461616164
7089,3634.224944993895
7090,11840.078481588178
7091,3119.2635042743595
7092,3197.6739662472814
7093,3462.7396809523807
7094,13001.040855555555
7095,3183.4063670302394
7096,13076.924563888886
7097,13006.792461616164
7098,11529.04512874903
7099,3279.0413079243654
7100,3236.475660238974
7101,3387.4564129908103
7102,12998.479961616162
7103,2964.1315089453337
7104,13006.792461616164
7105,3738.43
7106,2997.6562002664396
7107,11443.476577777777
7108,2946.1447089453345
7109,3148.4111153854706
7110,11599.79666208236
7111,3122.392398126921
7112,11840.078481588178
7113,13493.34351547619
7114,3486.5401652800097
7115,11459.409577777777
7116,2905.1863988454465
7117,2726.8001230024192
7118,3682.775647619047
7119,3647.955114932203
7120,3674.411080952381
7121,2739.2634605865383
7122,3874.796000336336
7123,3427.2113821428566
7124,3665.9940976190474
7125,3762.8925
7126,13010.847171031746
7127,4620.133583333333
7128,3583.104954593653
7129,2796.6044415522215
7130,3150.4042700019286
7131,11599.79666208236
7132,2989.6051994936747
7133,3675.013047619047
7134,3652.9813142857142
7135,3184.6863638765217
7136,3124.8444949732034
7137,12998.750855555554
7138,2948.9452176051564
7139,3271.63954066246
7140,3261.1578920662137
7141,4981.413
7142,3279.0833079243653
7143,3933.0409142857143
7144,3195.035699580615
7145,3236.492793572307
7146,3125.4420376076932
7147,14064.255238564214
7148,3432.9214
7149,11596.637645415696
7150,12862.781133333332
7151,3188.5997733082704
7152,3413.1320000697438
7153,3230.6268165831243
7154,2929.7354398343273
7155,3219.6155452380954
7156,4590.719170000761
7157,3129.400559891626
7158,3232.6732497627827
7159,2895.349081732005
7160,3481.645188132882
7161,3138.205995626798
7162,13010.264171031748
7163,11357.636311111113
7164,2763.137852007776
7165,2979.60486510584
7166,12984.908972222223
7167,3171.7804618014807
7168,11422.031827777777
7169,4604.551916666667
7170,3577.4400563252543
7171,3224.8201866685954
7172,11357.636311111113
7173,11600.086662082362
7174,13810.268
7175,3585.362954593653
7176,13006.792461616164
7177,13010.264171031748
7178,4624.381083333333
7179,3398.6260833333336
7180,11419.992361111112
7181,4386.1270826118325
7182,11611.12032874903
7183,3234.9411164294497
7184,3657.0260142857137
7185,2979.5394490989706
7186,3709.34195
7187,3196.2019662472817
7188,11443.476577777777
7189,3206.220047779707
7190,13006.792461616164
7191,3583.3383182300167
7192,2967.8847995411406
7193,3235.703249762783
7194,11599.79666208236
7195,11599.79666208236
7196,3237.0593822696737
7197,11599.79666208236
7198,3438.820574675325
7199,11419.992361111112
7200,2994.925466667687
7201,2985.874869680438
7202,14055.510238564213
7203,3143.896382467532
7204,2705.3242092653527
7205,3711.67045
7206,13062.788313888886
7207,3233.215793572307
7208,3176.976867030239
7209,3582.075954593653
7210,11529.04512874903
7211,3137.0372045805543
7212,11594.926244444445
7213,11419.992361111112
7214,3121.9689949732033
7215,2977.68011510584
7216,3577.4400563252543
7217,12985.272972222225
7218,12999.098972222224
7219,13020.618461616164
7220,3151.8535491341986
7221,11419.992361111112
7222,13001.040855555555
7223,2929.7354398343273
7224,4172.099892472604
7225,11596.637645415696
7226,3123.3017042743595
7227,3278.7539692338887
7228,3226.3218396799675
7229,11599.79666208236
7230,3128.0226567379086
7231,11363.079311111112
7232,4224.0591311118715
7233,13716.136
7234,13818.088
7235,2966.6495431361427
7236,13076.90819484127
7237,3476.0071880952382
7238,2772.573659276336
7239,3273.65954066246
7240,3431.976579657477
7241,11863.68189324231
7242,2946.524434240495
7243,2947.1496176051564
7244,12996.564504365078
7245,3671.665080952381
7246,11596.637645415696
7247,13472.696372619046
7248,3197.026699580615
7249,2773.683659276336
7250,3679.642733333333
7251,3183.610867030239
7252,4609.926916666667
7253,11419.992361111112
7254,11531.16912874903
7255,3243.936222143736
7256,2948.9452176051564
7257,12997.831504365078
7258,11363.079311111112
7259,14379.026
7260,13012.347736507936
7261,11605.023662082362
7262,13872.102
7263,3458.0526083333334
7264,3143.6663104758413
7265,2947.1496176051564
7266,2727.811279180076
7267,3647.955114932203
7268,11529.04512874903
7269,3675.990769047619
7270,3117.647244973203
7271,3721.59045
7272,2798.9593639213867
7273,3134.033430547433
7274,11599.79666208236
7275,4590.719170000761
7276,3124.030406737909
7277,3232.6732497627827
7278,3148.4111153854706
7279,3170.4604618014805
7280,11840.078481588178
7281,11532.62012874903
7282,13010.264171031748
7283,3238.61964893634
7284,11357.636311111113
7285,13023.366421031747
7286,11444.551577777776
7287,13482.007039285714
7288,3261.1578920662137
7289,11357.636311111113
7290,3638.1460331168832
7291,12553.46444560162
7292,15535.302680555555
7293,11420.282611111112
7294,3761.685
7295,11357.636311111113
7296,11534.27212874903
7297,12984.908972222223
7298,14055.510238564213
7299,12062.41897161537
7300,2951.782696222238
7301,13011.531171031747
7302,3580.4250563252544
7303,11435.755811111114
7304,4619.642083333333
7305,2946.524434240495
7306,3396.630048106503
7307,3193.749699580615
7308,2995.753301225276
7309,3237.0593822696737
7310,3011.658154757861
7311,3394.3789129908105
7312,3134.34258370115
7313,3119.2635042743595
7314,11799.27866208236
7315,2904.337936024934
7316,11596.637645415696
7317,3734.518961215539
7318,2966.6495431361427
7319,3195.035699580615
7320,3470.907488095238
7321,2653.804
7322,2899.664591462854
7323,12530.023381315905
7324,11676.293828749029
7325,3634.2603930274413
7326,3214.2304952380955
7327,2922.491447499691
7328,3133.098064285714
7329,3196.8915376758528
7330,3134.34258370115
7331,11599.79666208236
7332,3179.8377704535706
7333,13062.788313888886
7334,3421.888238095238
7335,3758.8463262233813
7336,2782.4134721609935
7337,12984.908972222223
7338,11608.344328749028
7339,3140.926995626798
7340,3398.3723999999997
7341,11596.637645415696
7342,13081.402337698413
7343,11892.056888597512
7344,12996.564504365078
7345,12569.899193037518
7346,3279.0413079243654
7347,14360.3
7348,3671.665080952381
7349,3651.5615593766474
7350,2810.785730550579
7351,3128.0226567379086
7352,2997.8792116492646
7353,3810.066064285714
7354,2998.586767073609
7355,11529.04512874903
7356,3229.14703148898
7357,3138.205995626798
7358,2994.9961994936743
7359,11449.791577777776
7360,13037.194022222222
7361,3931.5272
7362,3387.28141299081
7363,11596.637645415696
7364,3466.762079657477
7365,2803.816194553275
7366,3205.210803418804
7367,3387.28141299081
7368,3454.932680952381
7369,11608.344328749028
7370,2802.503374885555
7371,3674.003230952381
7372,3237.0593822696737
7373,4390.448415728715
7374,11433.424361111112
7375,2948.068312888905
7376,11601.59766208236
7377,2723.2375704695482
7378,3476.0071880952382
7379,2929.7354398343273
7380,12998.750855555554
7381,3234.934793572307
7382,3665.0598309523807
7383,13010.264171031748
7384,13062.788313888886
7385,4630.295322381711
7386,3470.4226809523807
7387,3238.2846602389736
7388,14532.683936507938
7389,3237.0593822696737
7390,13094.782022222224
7391,3454.932680952381
7392,11377.100311111113
7393,13019.750461616164
7394,3174.4298638765217
7395,11529.04512874903
7396,11601.59766208236
7397,3122.392398126921
7398,3653.322647619047
7399,13015.177105555555
7400,2720.879290676494
7401,4803.601216666667
7402,2975.790543136143
7403,3271.63954066246
7404,3583.104954593653
7405,3649.3981149322026
7406,2880.4012287286278
7407,13007.90850436508
7408,11357.636311111113
7409,2948.9452176051564
7410,12989.827961616162
7411,13006.792461616164
7412,3657.166647619047
7413,3874.796000336336
7414,11492.583861111112
7415,3239.1323822696736
7416,3157.173270001929
7417,2725.4941906764934
7418,3238.2846602389736
7419,11363.079311111112
7420,4632.808003334093
7421,13063.371313888887
7422,3407.3446833333337
7423,3676.4188476190475
7424,3469.757714285714
7425,13081.402337698413
7426,2897.0018905970533
7427,3163.438150955456
7428,3000.3638919969308
7429,11599.79666208236
7430,4669.533915364169
7431,2995.0333012252763
7432,2929.7354398343273
7433,11599.79666208236
7434,3382.227261027569
7435,2997.5769494936744
7436,3009.180474256504
7437,13006.792461616164
7438,2707.6214314875747
7439,3929.2261642857143
7440,3119.1434067379087
7441,13062.788313888886
7442,12998.750855555554
7443,3271.63954066246
7444,11601.59766208236
7445,3405.5690833333333
7446,2956.8204589453344
7447,3236.574793572307
7448,3470.4226809523807
7449,3531.627559625948
7450,3583.104954593653
7451,3420.321075884281
7452,4371.730327849928
7453,11357.636311111113
7454,3171.664690865838
7455,13450.665372619045
7456,11422.031827777777
7457,2973.891143210415
7458,11611.12032874903
7459,3234.126207059315
7460,3678.7023142857142
7461,3118.9607564111116
7462,3233.215793572307
7463,11599.79666208236
7464,3894.3700000000003
7465,3430.5650666666666
7466,2947.1496176051564
7467,3476.128783370977
7468,14064.255238564214
7469,3136.4251400712424
7470,12985.272972222225
7471,2813.2575000279094
7472,3195.035699580615
7473,3405.1689107142856
7474,2900.062591462854
7475,3683.3558476190474
7476,3580.4250563252544
7477,12999.098972222224
7478,13010.264171031748
7479,3243.2835665831244
7480,3259.8718920662136
7481,3930.1349142857143
7482,2993.1405512252763
7483,2944.600834240495
7484,3930.1349142857143
7485,11629.307395415695
7486,3007.391895027234
7487,11529.04512874903
7488,11419.992361111112
7489,11543.610778749031
7490,3021.506064095739
7491,3197.026699580615
7492,2947.1496176051564
7493,2947.1496176051564
7494,3002.785221715897
7495,3198.590828571429
7496,3167.189533696906
7497,2882.518745090824
7498,2797.056963921387
7499,13076.924563888886
7500,2796.6044415522215
7501,3470.907488095238
7502,3635.785393027441
7503,3665.0598309523807
7504,12553.46444560162
7505,2882.5718597146524
7506,2964.110397834223
7507,3802.520939591922
7508,11443.476577777777
7509,11878.443567302464
7510,3547.527060553576
7511,2768.1247303703494
7512,3136.424936269492
7513,13015.206188888891
7514,3262.540892066214
7515,11380.151311111113
7516,3591.3283831650815
7517,3397.9231554720136
7518,3493.4699152800094
7519,2945.419311023848
7520,2895.349081732005
7521,11419.992361111112
7522,11449.791577777776
7523,3197.026699580615
7524,3643.6609642857147
7525,2975.1936240885234
7526,12863.932799999999
7527,2705.3242092653527
7528,13015.160736507936
7529,11603.047662082361
7530,11531.16912874903
7531,11531.16912874903
7532,2796.502274885555
7533,14176.903481962483
7534,13646.472223193472
7535,13006.792461616164
7536,3226.3218396799675
7537,3682.9354500000004
7538,13006.792461616164
7539,3894.86475
7540,3577.4400563252543
7541,2803.816194553275
7542,3149.6197491341986
7543,11605.023662082362
7544,2653.339
7545,3398.533733333333
7546,3233.462793572307
7547,14313.19
7548,13006.428461616164
7549,13063.547961616163
7550,2905.7045953952943
7551,11596.637645415696
7552,4630.549629649883
7553,11608.344328749028
7554,11443.476577777777
7555,3016.1375748821742
7556,2943.715500907161
7557,2952.5558929138174
7558,4590.719170000761
7559,3254.4884459988443
7560,3580.1003831650814
7561,13556.92451547619
7562,2916.67404559451
7563,13461.604039285714
7564,11596.637645415696
7565,11531.16912874903
7566,3583.104954593653
7567,12595.354933333334
7568,13087.092022222223
7569,13874.38
7570,3591.3283831650815
7571,11599.413645415696
7572,11481.708861111112
7573,11363.079311111112
7574,12999.098972222224
7575,12984.908972222223
7576,13079.779337698414
7577,13460.39451547619
7578,13023.366421031747
7579,3482.2057902800098
7580,3516.3484642857147
7581,2897.834991462854
7582,2978.463533599773
7583,3362.4645
7584,2927.3858786918886
7585,2900.6622581295205
7586,3665.0598309523807
7587,3384.093761027569
7588,11603.047662082361
7589,13491.30651547619
7590,11433.424361111112
7591,3479.8190476190475
7592,4624.381083333333
7593,3588.913746801445
7594,3482.2057902800098
7595,3480.9683322760566
7596,11833.27489086136
7597,11611.595328749028
7598,3480.9683322760566
7599,12998.750855555554
7600,13496.148789285713
7601,3158.0214009554556
7602,13491.30651547619
7603,11433.424361111112
7604,11422.689361111112
7605,3005.4807450595117
7606,3235.6446602389738
7607,3222.627135714286
7608,15508.555013888888
7609,13006.792461616164
7610,3642.9098642857143
7611,4617.510643810283
7612,3470.4226809523807
7613,4609.616154761905
7614,3234.172660238974
7615,3493.4699152800094
7616,11531.16912874903
7617,2974.7622574814463
7618,3285.0721680558804
7619,13482.007039285714
7620,3158.412795134814
7621,11443.476577777777
7622,4603.370461667427
7623,11419.992361111112
7624,3197.6739662472814
7625,3237.0593822696737
7626,11608.344328749028
7627,3184.4797704535704
7628,2955.271731167557
7629,3169.909154109173
7630,12985.272972222225
7631,3225.810020001929
7632,3160.3036
7633,3189.2832027654104
7634,3125.045994973203
7635,11531.82112874903
7636,11357.636311111113
7637,11612.30366208236
7638,3682.775647619047
7639,3704.3862000000004
7640,4619.642083333333
7641,11596.927645415695
7642,3208.094798106503
7643,3414.0484000000006
7644,13012.887105555556
7645,3587.7413831650815
7646,11364.154311111113
7647,13010.264171031748
7648,3225.0358396799675
7649,3201.0607814889795
7650,13647.448223193473
7651,2867.7517368625313
7652,3197.6739662472814
7653,11608.344328749028
7654,11529.04512874903
7655,14226.832496103894
7656,2736.791254446187
7657,11599.79666208236
7658,3386.5864129908105
7659,3271.39254066246
7660,11600.086662082362
7661,11596.637645415696
7662,3681.5485809523807
7663,11378.974311111113
7664,3234.9411164294497
7665,3681.5485809523807
7666,3647.955114932203
7667,3650.6031149322025
7668,2705.3242092653527
7669,3672.4215642857143
7670,11443.476577777777
7671,13016.477171031747
7672,11531.16912874903
7673,11481.708861111112
7674,11636.37841208236
7675,3110.5673083261554
7676,3179.087867030239
7677,3416.9105380952383
7678,11422.031827777777
7679,3939.3778166666666
7680,13491.30651547619
7681,3462.7396809523807
7682,2982.0931438450825
7683,11419.992361111112
7684,11800.97145990898
7685,4691.052883333333
7686,11599.79666208236
7687,2996.48397510941
7688,3181.4986138765216
7689,12985.272972222225
7690,4323.886855122655
7691,3930.94745
7692,3024.085237329865
7693,3279.0413079243654
7694,3461.218864285714
7695,11936.029936133633
7696,3674.879047619047
7697,3198.6422814889797
7698,11419.992361111112
7699,3168.759789844345
7700,3499.117736142083
7701,3691.4728309523807
7702,3130.280680547433
7703,11419.992361111112
7704,2959.2430519980417
7705,3653.004559376647
7706,2733.647384511481
7707,2778.417659276336
7708,3133.21158370115
7709,3221.6576866685955
7710,4981.754166666667
7711,12711.48158860029
7712,2994.5845431361427
7713,3018.2926240885236
7714,3416.9105380952383
7715,11443.766827777778
7716,11529.04512874903
7717,3192.5448157894743
7718,3578.9650563252544
7719,4386.1270826118325
7720,3669.426233333333
7721,3225.0358396799675
7722,3233.462793572307
7723,3674.003230952381
7724,2715.3127906764935
7725,4342.981933910533
7726,3170.9941311130397
7727,11599.79666208236
7728,2974.469543136143
7729,11599.79666208236
7730,11974.361788514585
7731,3457.490691666667
7732,2929.7354398343273
7733,4617.510643810283
7734,3401.5346833333338
7735,2809.7877305505795
7736,11433.424361111112
7737,2880.744828728628
7738,2963.641125612001
7739,12643.554751515152
7740,13436.674057142856
7741,11613.571328749029
7742,11377.100311111113
7743,11599.79666208236
7744,2947.1496176051564
7745,13006.792461616164
7746,3674.411080952381
7747,11620.85132874903
7748,11443.476577777777
7749,11424.230827777777
7750,3232.6732497627827
7751,12192.835849411147
7752,2730.712919525552
7753,4386.1270826118325
7754,3609.089
7755,2806.737694553275
7756,13016.477171031747
7757,11357.636311111113
7758,3117.714841659489
7759,2998.1490271479706
7760,15535.302680555555
7761,3261.1578920662137
7762,3492.543198678562
7763,11419.992361111112
7764,3651.4341149322026
7765,3195.035699580615
7766,12997.831504365078
7767,3633.611393027441
7768,2947.1496176051564
7769,3179.448064446373
7770,3682.420647619047
7771,3884.924564285714
7772,3980.542552777778
7773,3141.8380194363217
7774,13775.797639860139
7775,3237.0593822696737
7776,3014.150064095739
7777,3674.393080952381
7778,3185.7414366685953
7779,3232.6732497627827
7780,2948.9452176051564
7781,11433.424361111112
7782,3686.5824500000003
7783,12996.564504365078
7784,13100.527528174604
7785,3013.2958213652737
7786,13009.900171031746
7787,11529.04512874903
7788,3480.9683322760566
7789,12577.298762268287
7790,3236.812660238974
7791,13006.792461616164
7792,3649.480114932203
7793,3241.544810841102
7794,3389.3629129908104
7795,3205.546970085471
7796,3704.0882
7797,11363.079311111112
7798,11840.078481588178
7799,2950.5707097180994
7800,11597.940645415696
7801,11866.429476575646
7802,12534.972428934954
7803,5721.465
7804,2947.1496176051564
7805,3263.1488920662136
7806,14176.903481962483
7807,4625.137916666666
7808,4323.886855122655
7809,3219.9186866685955
7810,3387.4564129908103
7811,11608.344328749028
7812,11436.591827777776
7813,12996.564504365078
7814,15467.181480555555
7815,3227.5590777752054
7816,3637.739393027441
7817,4381.542915728715
7818,3470.4226809523807
7819,4603.418071428571
7820,13062.788313888886
7821,2990.0674453297893
7822,3234.1101164294496
7823,3237.964793572307
7824,3467.9116083333333
7825,11818.776550635796
7826,2707.8377445724195
7827,3580.6903182300166
7828,11422.031827777777
7829,2794.6422972547202
7830,2793.432774885555
7831,12063.076494092018
7832,13062.788313888886
7833,14314.235988564214
7834,11529.04512874903
7835,2987.107509821968
7836,3001.206642998873
7837,13010.264171031748
7838,13006.792461616164
7839,3682.775647619047
7840,11419.992361111112
7841,13062.788313888886
7842,3572.8542146187156
7843,3186.7993670302394
7844,3273.65954066246
7845,11531.16912874903
7846,3238.0467935723073
7847,3634.2603930274413
7848,3193.749699580615
7849,3270.99054066246
7850,2947.1496176051564
7851,11870.51048396913
7852,3126.4110376076933
7853,12984.908972222223
7854,11371.657311111114
7855,3133.0634067379087
7856,3233.8682682513963
7857,3491.6736943609026
7858,3464.5888309523807
7859,2811.3606815655407
7860,2955.0704540562565
7861,11357.636311111113
7862,3225.0358396799675
7863,11599.79666208236
7864,2968.5233364189326
7865,3417.8336380952383
7866,3021.1141109724003
7867,3238.946061027569
7868,13436.674057142856
7869,2715.6912906764937
7870,13006.428461616164
7871,11599.79666208236
7872,3813.4965
7873,3138.205995626798
7874,13062.424313888887
7875,3632.699944993895
7876,3196.8915376758528
7877,3002.037221715897
7878,3580.6903182300166
7879,11840.078481588178
7880,12049.47148694916
7881,12986.539972222225
7882,12999.098972222224
7883,13042.457688888891
7884,11419.992361111112
7885,3117.440448718804
7886,2947.1496176051564
7887,3452.4921015873015
7888,11357.636311111113
7889,3584.6299545936527
7890,13100.446337698413
7891,3668.800297619047
7892,3379.0462682539687
7893,12517.504280450106
7894,3121.9689949732033
7895,3575.8392146187152
7896,3421.888238095238
7897,3686.310449999999
7898,12062.41897161537
7899,2732.912384511481
7900,3357.843761027569
7901,3477.7603321428574
7902,2721.8937765391984
7903,3028.512501940254
7904,3454.164079657477
7905,2728.6722791800757
7906,3360.3179833333334
7907,3470.4226809523807
7908,3676.8119357142855
7909,3936.218014285714
7910,3463.8897059523806
7911,2946.3964342404947
7912,3279.0413079243654
7913,13062.788313888886
7914,2973.9662629565264
7915,4626.946272381711
7916,17344.822066666664
7917,3013.4932244853494
7918,3188.3536866685954
7919,11363.079311111112
7920,11363.079311111112
7921,13436.674057142856
7922,3656.1785435036313
7923,3486.5401652800097
7924,3462.7396809523807
7925,3242.523222143736
7926,3469.2892476190473
7927,2795.3673748855545
7928,3197.6739662472814
7929,11599.79666208236
7930,11603.371662082362
7931,3163.7292241991713
7932,3691.4728309523807
7933,3933.946964285714
7934,11436.729361111113
7935,11531.16912874903
7936,3192.4399527654105
7937,11599.79666208236
7938,3237.964793572307
7939,2737.5403772532045
7940,13011.531171031747
7941,3674.411080952381
7942,12634.392816666666
7943,3493.4699152800094
7944,2912.2291752429624
7945,4390.448415728715
7946,13009.900171031746
7947,3233.215793572307
7948,3189.8561138765217
7949,2975.319166424258
7950,11608.344328749028
7951,11420.282611111112
7952,3263.230892066214
7953,13152.25118888889
7954,2947.3468516673156
7955,11363.079311111112
7956,11357.636311111113
7957,2763.883724814794
7958,3656.1785435036313
7959,4604.551916666667
7960,3226.869506346634
7961,3616.1358642857144
7962,3646.926114932203
7963,2725.4706765391984
7964,3678.2433142857144
7965,12999.098972222224
7966,3577.4400563252543
7967,13010.01450436508
7968,3470.907488095238
7969,3023.0807244853495
7970,13445.413039285713
7971,12192.835849411147
7972,13009.900171031746
7973,11608.344328749028
7974,11419.992361111112
7975,3934.598214285714
7976,13062.136337698414
7977,11357.636311111113
7978,4981.754166666667
7979,3215.5334570593154
7980,13491.30651547619
7981,13879.671
7982,3588.913746801445
7983,3678.2433142857144
7984,12996.564504365078
7985,3469.2892476190473
7986,13006.43338531746
7987,12989.463961616162
7988,3095.5028487188038
7989,3467.9116083333333
7990,11363.079311111112
7991,3580.6903182300166
7992,3093.2596416594884
7993,4387.628332395382
7994,3487.6410476190476
7995,3181.4986138765216
7996,13434.892057142855
7997,3678.2433142857144
7998,2800.1541748855548
7999,12997.913688888888
8000,11422.031827777777
8001,3338.58694890927
8002,11531.16912874903
8003,4603.370461667427
8004,3126.962345300001
8005,13751.646
8006,2718.1849513338484
8007,3585.3593831650815
8008,11419.992361111112
8009,2798.3910415522214
8010,11600.212645415695
8011,13010.264171031748
8012,3238.198061027569
8013,3226.3218396799675
8014,13899.028
8015,11496.945327777777
8016,11599.79666208236
8017,2996.3398418735164
8018,3672.4215642857143
8019,3129.579137913888
8020,3571.8252146187156
8021,3659.784987948076
8022,3398.9676833333338
8023,13872.102
8024,3653.322647619047
8025,11599.888645415695
8026,4603.418071428571
8027,3654.3135593766474
8028,2718.097779180076
8029,12996.564504365078
8030,11449.791577777776
8031,2953.278051225276
8032,13514.227182142857
8033,11602.57266208236
8034,13010.264171031748
8035,11422.031827777777
8036,3470.4226809523807
8037,3479.895330952381
8038,14060.90915523088
8039,13011.531171031747
8040,11599.79666208236
8041,11608.344328749028
8042,3244.1738108411023
8043,2895.555081732005
8044,2722.6232791800758
8045,3177.3062975366524
8046,13006.792461616164
8047,2872.238545875231
8048,11522.775861111111
8049,2909.6939085762956
8050,3676.8119357142855
8051,2959.974125612001
8052,12996.564504365078
8053,3934.3416309523805
8054,3674.411080952381
8055,3259.255695998844
8056,3346.474
8057,13010.264171031748
8058,13022.877051984126
8059,3634.142944993895
8060,13486.757122619047
8061,3571.8252146187156
8062,11422.031827777777
8063,4609.616154761905
8064,4685.6805820308355
8065,11363.079311111112
8066,3236.475660238974
8067,11357.636311111113
8068,3472.395830952381
8069,3116.6812449732033
8070,3202.306465323566
8071,3259.8718920662136
8072,3450.2048666666665
8073,3678.2433142857144
8074,2956.8237097180995
8075,11419.992361111112
8076,3587.942
8077,12996.200504365079
8078,3197.6739662472814
8079,11599.79666208236
8080,13489.141122619047
8081,11609.144645415696
8082,3176.2368638765215
8083,3426.7748776942362
8084,11608.344328749028
8085,14979.23449505772
8086,3450.5032
8087,11419.992361111112
8088,3571.8252146187156
8089,12996.564504365078
8090,11602.57266208236
8091,2955.0704540562565
8092,3932.6462
8093,2806.7631945532753
8094,3628.2928642857146
8095,3021.453047104397
8096,13010.264171031748
8097,13010.264171031748
8098,3934.254914285714
8099,13486.838122619047
8100,3624.74874489191
8101,3580.4250563252544
8102,3005.4807450595117
8103,3136.4251400712424
8104,2761.213116830496
8105,11422.031827777777
8106,3655.763514285714
8107,12640.6269
8108,3011.658154757861
8109,3632.699944993895
8110,11443.476577777777
8111,3572.8542146187156
8112,3014.8239296231936
8113,3233.462793572307
8114,2948.9452176051564
8115,12571.105462268288
8116,11419.992361111112
8117,11419.992361111112
8118,4617.510643810283
8119,3691.4728309523807
8120,2952.3907089453346
8121,3171.4294618014806
8122,3375.879333403078
8123,2790.9024721609935
8124,3387.289275884281
8125,3277.0094073291266
8126,3472.983680952381
8127,12996.564504365078
8128,3003.436076549951
8129,12997.831504365078
8130,12986.539972222225
8131,3493.4699152800094
8132,3234.687793572307
8133,3232.6732497627827
8134,13062.424313888887
8135,13062.280961616163
8136,2796.526419586411
8137,12999.098972222224
8138,3197.026699580615
8139,2797.4953748855546
8140,11443.476577777777
8141,12998.479961616162
8142,2733.178384511481
8143,3659.784987948076
8144,3671.665080952381
8145,11421.067361111112
8146,3931.3036666666667
8147,12272.205142268289
8148,3237.0593822696737
8149,3220.966436668595
8150,14070.390488564213
8151,3162.7602241991713
8152,11531.16912874903
8153,11460.243577777777
8154,3593.1302463241436
8155,13062.280961616163
8156,3398.9676833333338
8157,4413.646715151515
8158,13048.45368888889
8159,2953.0022311675566
8160,4632.808003334093
8161,2959.3924795555713
8162,3474.0056083333334
8163,2809.7877305505795
8164,3016.3147244853494
8165,4658.3349153641675
8166,3431.292579657477
8167,11603.371662082362
8168,4693.982582030835
8169,3276.68954066246
8170,3675.621047619047
8171,2737.3826812214593
8172,2971.8350543277293
8173,11419.992361111112
8174,4404.434911183261
8175,3468.1929309523807
8176,11599.79666208236
8177,3209.1671137844614
8178,3160.3036
8179,2947.1496176051564
8180,3572.8542146187156
8181,13062.788313888886
8182,12576.984762268286
8183,2722.0566311220773
8184,3642.3830953219067
8185,3486.5401652800097
8186,3656.7708476190473
8187,13062.788313888886
8188,3455.3652476190473
8189,3463.8897059523806
8190,11840.078481588178
8191,11419.992361111112
8192,11599.79666208236
8193,3184.1871138765214
8194,13062.424313888887
8195,3628.7142142857147
8196,3656.1785435036313
8197,3460.5638221386803
8198,13062.788313888886
8199,13006.428461616164
8200,3678.2433142857144
8201,3580.6903182300166
8202,3692.019297619047
8203,3642.48382159887
8204,2974.469543136143
8205,11600.086662082362
8206,3637.739393027441
8207,13001.456233333332
8208,12063.076494092018
8209,3446.4818666666665
8210,2996.9362002664393
8211,3235.4931364294494
8212,11596.637645415696
8213,4604.551916666667
8214,2704.7748759320193
8215,3234.687793572307
8216,13010.01450436508
8217,3237.207061027569
8218,3017.464222647325
8219,4620.9131547619045
8220,3632.699944993895
8221,3649.137314285714
8222,3192.4399527654105
8223,2799.6634415522212
8224,3583.104954593653
8225,3933.7249166666666
8226,2994.6828763847657
8227,2808.001130550579
8228,3233.462793572307
8229,11363.951311111114
8230,3480.9683322760566
8231,3233.462793572307
8232,3176.625867030239
8233,2710.1912765391985
8234,11357.636311111113
8235,3212.9681637844615
8236,3001.766221715897
8237,4953.0015
8238,2966.981122133219
8239,3591.0473831650816
8240,3203.5014366685955
8241,3194.95395276541
8242,2918.071081732005
8243,13010.01450436508
8244,12998.479961616162
8245,3232.426249762783
8246,3671.665080952381
8247,2728.5726456832235
8248,11608.344328749028
8249,3197.6739662472814
8250,11529.04512874903
8251,13022.877051984126
8252,12996.564504365078
8253,3143.859308326155
8254,11602.57266208236
8255,4349.565490728716
8256,11363.079311111112
8257,11601.59766208236
8258,4349.565490728716
8259,13010.264171031748
8260,3153.3435042743595
8261,12997.831504365078
8262,3493.632714285714
8263,2997.922924148113
8264,3477.7603321428574
8265,11622.135912082362
8266,12480.565143911641
8267,3611.2168642857146
8268,3234.687793572307
8269,3624.36577299081
8270,3807.2705
8271,11599.79666208236
8272,11613.571328749029
8273,2808.1743639213864
8274,14266.205199567095
8275,11599.79666208236
8276,13076.924563888886
8277,2777.5029926096695
8278,3197.5685452380953
8279,2893.671081732005
8280,3909.6138809523804
8281,4619.642083333333
8282,3158.4796
8283,13062.280961616163
8284,11608.634328749029
8285,2803.5816539791754
8286,2929.7354398343273
8287,3451.9500796574766
8288,13009.900171031746
8289,13010.01450436508
8290,2857.9451388735715
8291,2893.608072415235
8292,3196.5479700854708
8293,13850.793
8294,3474.960846428571
8295,12869.16505
8296,13061.916961616162
8297,13062.788313888886
8298,3398.6260833333336
8299,3003.9502784289193
8300,2789.9044721609935
8301,3394.8656833333334
8302,13010.264171031748
8303,3276.283978757698
8304,3122.3327042743595
8305,3675.5074357142853
8306,3711.4121166666664
8307,11605.023662082362
8308,3118.409448718804
8309,3180.267363876522
8310,3279.0413079243654
8311,3237.0593822696737
8312,3263.955892066214
8313,11800.97145990898
8314,3583.104954593653
8315,2929.7354398343273
8316,4981.754166666667
8317,13007.90850436508
8318,3585.025954593653
8319,13010.01450436508
8320,3653.322647619047
8321,3591.3283831650815
8322,2973.9662629565264
8323,3647.955114932203
8324,2796.389569528979
8325,13487.694372619046
8326,3934.3637642857143
8327,2822.4394077493653
8328,2889.441081732005
8329,2731.87079233257
8330,3186.7011138765215
8331,3237.9270610275694
8332,3122.3563879138883
8333,3634.2603930274413
8334,2928.1188332373426
8335,3422.016329761904
8336,3665.0598309523807
8337,3237.1652316675445
8338,3237.0593822696737
8339,2947.1496176051564
8340,2810.785730550579
8341,3652.9813142857142
8342,13080.574337698414
8343,11419.992361111112
8344,3674.003230952381
8345,13093.160688888891
8346,3122.5246567379086
8347,3591.3283831650815
8348,11363.079311111112
8349,11608.344328749028
8350,3652.9813142857142
8351,2809.822194553275
8352,12996.564504365078
8353,3199.346564446373
8354,3211.4135758842813
8355,12634.392816666666
8356,3397.684155332902
8357,11596.637645415696
8358,11419.992361111112
8359,2929.7354398343273
8360,3231.6077804511283
8361,3683.1011166666663
8362,4382.836320707071
8363,11419.992361111112
8364,2941.5529434913806
8365,13818.088
8366,3003.879221715897
8367,11435.336361111113
8368,11599.79666208236
8369,3716.38945
8370,11443.476577777777
8371,3493.4699152800094
8372,3908.740914285714
8373,11422.031827777777
8374,3681.371095321907
8375,3646.926114932203
8376,2898.0409914628535
8377,2948.9452176051564
8378,3279.0413079243654
8379,3635.703393027441
8380,13460.39451547619
8381,3652.370559376647
8382,13062.788313888886
8383,3682.420647619047
8384,2991.8981994936744
8385,3486.5401652800097
8386,3462.7396809523807
8387,11363.951311111114
8388,4136.977509884559
8389,2721.8937765391984
8390,4323.886855122655
8391,11421.067361111112
8392,3226.869506346634
8393,3671.665080952381
8394,3961.84295
8395,11425.547811111113
8396,11800.97145990898
8397,2883.9122784241567
8398,13646.472223193472
8399,4617.510643810283
8400,4604.551916666667
8401,3704.916866666666
8402,3583.3383182300167
8403,3649.3981149322026
8404,3675.972769047619
8405,3659.784987948076
8406,3472.855714285714
8407,3640.923373565324
8408,13770.552973193473
8409,2905.1863988454465
8410,2951.1354589453344
8411,3650.6031149322025
8412,2923.8105914628536
8413,3233.7001399749374
8414,3205.560970085471
8415,2731.4201589992363
8416,2947.1496176051564
8417,4612.264154761905
8418,3681.5485809523807
8419,3169.233458647763
8420,3407.3446833333337
8421,13434.892057142855
8422,3145.3168976190473
8423,11608.344328749028
8424,13489.141122619047
8425,3234.0071899749373
8426,3003.891309742051
8427,13403.447057142856
8428,13023.416421031747
8429,13000.676855555555
8430,3691.4728309523807
8431,11596.637645415696
8432,11936.029936133633
8433,3405.2027333333335
8434,3224.946864822313
8435,12985.272972222225
8436,11991.282371847918
8437,3174.406690865838
8438,13007.90850436508
8439,11443.476577777777
8440,13010.01450436508
8441,12998.750855555554
8442,3736.5828833387413
8443,4602.435236667427
8444,13777.260973193472
8445,4349.565490728716
8446,3122.9379949732033
8447,17299.77688690476
8448,3275.5944073291266
8449,3189.9093034188045
8450,3228.3948396799674
8451,3436.730864285714
8452,3908.9048
8453,2965.1106022384433
8454,2952.3907089453346
8455,13436.674057142856
8456,12641.662066666664
8457,3021.630196707572
8458,3641.5418642857144
8459,4321.268471789322
8460,3607.772
8461,3748.0965
8462,3482.4071652800094
8463,3688.2868309523806
8464,11496.945327777777
8465,3424.6004000000003
8466,4160.007518846873
8467,3235.703249762783
8468,3183.4063670302394
8469,13496.148789285713
8470,12996.564504365078
8471,12861.97805
8472,13482.007039285714
8473,3583.104954593653
8474,3682.576047619047
8475,11437.926827777777
8476,13062.788313888886
8477,11444.551577777776
8478,2992.740301225276
8479,13012.887105555556
8480,3271.2778793529365
8481,3583.104954593653
8482,2895.446081732005
8483,13889.451
8484,11599.79666208236
8485,3025.2235918735164
8486,2886.658812352728
8487,3582.133318230017
8488,4610.96675
8489,2974.4132629565265
8490,2703.731875932019
8491,3727.76195
8492,3263.955892066214
8493,11599.79666208236
8494,3209.3473207046654
8495,3642.48382159887
8496,3664.9562976190473
8497,11936.029936133633
8498,3482.2057902800098
8499,2947.1496176051564
8500,3678.2433142857144
8501,3481.8196988095237
8502,11601.864645415695
8503,11421.067361111112
8504,11531.16912874903
8505,2808.999130550579
8506,3405.5690833333333
8507,2722.0566311220773
8508,3137.3043083261555
8509,13403.447057142856
8510,3498.8521463241436
8511,11437.348361111111
8512,11596.927645415695
8513,3004.3318919969306
8514,3187.5896138765215
8515,3405.5690833333333
8516,11531.16912874903
8517,3128.7165598916263
8518,3493.4699152800094
8519,5026.7055
8520,2766.729852007776
8521,3186.7993670302394
8522,17189.4367
8523,3653.322647619047
8524,3469.757714285714
8525,11599.79666208236
8526,11608.344328749028
8527,11596.637645415696
8528,11422.031827777777
8529,2906.8185953952943
8530,11363.079311111112
8531,13062.788313888886
8532,11599.79666208236
8533,4416.750965151515
8534,3271.9268793529363
8535,2978.7302574814466
8536,3124.7144067379086
8537,11422.031827777777
8538,11372.042311111112
8539,3226.3218396799675
8540,11608.344328749028
8541,3394.8656833333334
8542,2927.9283988454463
8543,2948.9452176051564
8544,3213.5677828001376
8545,2714.8742765391985
8546,2869.6667368625313
8547,2954.983375612001
8548,3263.955892066214
8549,12272.205142268289
8550,3207.054128571429
8551,3675.4894357142853
8552,3009.798516945666
8553,11599.79666208236
8554,2947.1496176051564
8555,13015.127105555555
8556,3011.438154757861
8557,12989.827961616162
8558,4413.646715151515
8559,3122.934994973203
8560,3410.0628000697443
8561,2948.8659589453346
8562,13010.01450436508
8563,13076.874563888887
8564,2727.491951333848
8565,3647.955114932203
8566,2948.9452176051564
8567,2967.7773978342234
8568,3909.07275
8569,11443.476577777777
8570,3938.1163166666665
8571,2994.3598128622566
8572,2732.5922846671815
8573,11419.992361111112
8574,11422.031827777777
8575,12996.564504365078
8576,11436.052827777778
8577,3233.462793572307
8578,3189.2832027654104
8579,3234.1101164294496
8580,3676.4188476190475
8581,3932.6462
8582,11422.031827777777
8583,3342.605
8584,11419.992361111112
8585,2947.1496176051564
8586,11419.992361111112
8587,3236.4103822696734
8588,11529.04512874903
8589,3634.142944993895
8590,13445.413039285713
8591,2726.5176765391984
8592,3417.079677694236
8593,11422.031827777777
8594,3678.8025809523806
8595,3480.9683322760566
8596,11422.031827777777
8597,13482.007039285714
8598,3585.6634848966833
8599,15393.624755555555
8600,2994.6432002664396
8601,4395.325093939394
8602,2973.911508945334
8603,4609.537571428571
8604,3406.1131083333335
8605,13010.264171031748
8606,3128.85873095238
8607,3473.5946916666667
8608,4381.542915728715
8609,3226.038506346634
8610,13771.12163986014
8611,11599.79666208236
8612,11534.27212874903
8613,2902.0005953952946
8614,3654.940980952381
8615,11443.476577777777
8616,4603.418071428571
8617,2814.7808592689507
8618,3672.4215642857143
8619,11529.04512874903
8620,4632.808003334093
8621,3591.3283831650815
8622,3279.0833079243653
8623,3473.147488095238
8624,4387.628332395382
8625,13001.040855555555
8626,13482.007039285714
8627,11422.031827777777
8628,2812.468900027909
8629,3472.855714285714
8630,3421.870238095238
8631,4345.405433910534
8632,11419.992361111112
8633,4730.332688596492
8634,3139.5775833333337
8635,4323.886855122655
8636,12996.200504365079
8637,2724.2779513338483
8638,3125.0546567379088
8639,3131.84773095238
8640,2777.5029926096695
8641,11419.992361111112
8642,11419.992361111112
8643,3226.3218396799675
8644,3482.2057902800098
8645,3935.8100499999996
8646,3132.2635598916263
8647,3675.990769047619
8648,2949.920812888905
8649,3680.2029809523806
8650,13007.33638531746
8651,12996.564504365078
8652,2964.110397834223
8653,4694.180947903851
8654,11599.79666208236
8655,3678.8025809523806
8656,2965.750602238443
8657,3123.3017042743595
8658,3649.137314285714
8659,2950.182812888905
8660,12866.481133333333
8661,11419.992361111112
8662,3572.8542146187156
8663,11529.04512874903
8664,4658.3349153641675
8665,13001.040855555555
8666,3121.9689949732033
8667,3910.5470142857143
8668,12997.831504365078
8669,3651.5615593766474
8670,3691.4728309523807
8671,11601.864645415695
8672,3018.3825616939002
8673,3736.5828833387413
8674,12871.109466666665
8675,3403.7279940476187
8676,13482.007039285714
8677,3263.955892066214
8678,2895.033312261177
8679,11422.031827777777
8680,4349.565490728716
8681,3457.867434920635
8682,3235.0036602389737
8683,11529.04512874903
8684,12480.565143911641
8685,13061.916961616162
8686,3647.955114932203
8687,3391.9570833333337
8688,11357.636311111113
8689,3479.8190476190475
8690,11357.636311111113
8691,13062.788313888886
8692,3465.4432476190473
8693,3213.1351137844613
8694,11612.566045415695
8695,13062.280961616163
8696,4617.510643810283
8697,13775.797639860139
8698,2948.9452176051564
8699,3470.907488095238
8700,2987.107509821968
8701,11363.079311111112
8702,3261.1578920662137
8703,3122.5246567379086
8704,4657.674216666667
8705,3672.4215642857143
8706,2929.7354398343273
8707,11608.634328749029
8708,3426.890182142857
8709,11603.371662082362
8710,14532.720825793653
8711,2731.8470970769936
8712,11600.086662082362
8713,11436.052827777778
8714,3220.802120001929
8715,3674.411080952381
8716,2895.863465065338
8717,11599.79666208236
8718,3234.172660238974
8719,3233.215793572307
8720,11599.79666208236
8721,11419.992361111112
8722,11596.637645415696
8723,13434.892057142855
8724,3482.2057902800098
8725,3634.2603930274413
8726,13062.788313888886
8727,11615.165662082361
8728,2974.3442629565266
8729,13482.007039285714
8730,3487.7360476190474
8731,3870.47375
8732,13460.39451547619
8733,4603.418071428571
8734,11599.79666208236
8735,2728.8386456832236
8736,3645.148
8737,11419.992361111112
8738,3194.3866995806147
8739,11608.344328749028
8740,12996.564504365078
8741,2714.8742765391985
8742,3470.907488095238
8743,13006.792461616164
8744,3420.1426776942358
8745,13484.044039285714
8746,14064.255238564214
8747,3479.895330952381
8748,3665.0598309523807
8749,3651.096980952381
8750,11419.992361111112
8751,13010.264171031748
8752,3135.321430547433
8753,3375.2705224654774
8754,12998.479961616162
8755,3930.94745
8756,3130.280680547433
8757,2796.6044415522215
8758,4590.719170000761
8759,3710.9402
8760,2952.2810181063564
8761,13023.366421031747
8762,3138.398382467532
8763,11529.04512874903
8764,3633.2313930274413
8765,3122.3563879138883
8766,11445.675577777776
8767,12996.200504365079
8768,3692.019297619047
8769,13006.792461616164
8770,3675.4894357142853
8771,3008.549936577517
8772,2892.10004559451
8773,3473.5946916666667
8774,12683.545518181818
8775,17299.77688690476
8776,12984.908972222223
8777,3387.289275884281
8778,11419.992361111112
8779,3163.546464446373
8780,2891.4943836897482
8781,3470.907488095238
8782,3271.6798793529365
8783,11529.04512874903
8784,3495.6480476190477
8785,3668.245830952381
8786,3202.306465323566
8787,12001.980462091564
8788,11599.79666208236
8789,3659.068987948076
8790,11467.073811111113
8791,12559.126762268286
8792,13486.838122619047
8793,3237.0593822696737
8794,3416.9105380952383
8795,3168.6951138765216
8796,11371.657311111114
8797,3225.0358396799675
8798,4590.719170000761
8799,3237.0593822696737
8800,3136.038245626798
8801,3144.0923653854707
8802,3237.0593822696737
8803,3647.955114932203
8804,13540.11851547619
8805,3711.4121166666664
8806,3563.8307362155388
8807,3113.121698718804
8808,2722.9945704695483
8809,3686.69745
8810,12049.47148694916
8811,3171.1571138765216
8812,2943.8752089453346
8813,2997.6242002664394
8814,3113.121698718804
8815,11369.394311111113
8816,13484.044039285714
8817,4644.936333333334
8818,3280.8159692338886
8819,12871.109466666665
8820,3125.556974992822
8821,12984.908972222223
8822,3401.5346833333338
8823,2997.6562002664396
8824,3935.8561166666664
8825,3485.2862833709773
8826,12996.200504365079
8827,2965.1106022384433
8828,12998.11450436508
8829,3135.321430547433
8830,13006.792461616164
8831,3453.714601587302
8832,12985.272972222225
8833,12640.982899999999
8834,13067.948022222223
8835,11419.992361111112
8836,3237.0593822696737
8837,3113.6730064111116
8838,3234.934793572307
8839,2960.1042670736088
8840,2947.1496176051564
8841,13491.30651547619
8842,3490.572714285714
8843,3676.5265690476185
8844,4981.0945
8845,4609.537571428571
8846,2732.904384511481
8847,3416.9105380952383
8848,3398.9676833333338
8849,11419.992361111112
8850,2731.87079233257
8851,2996.4790783928447
8852,3198.786744360903
8853,11840.078481588178
8854,3480.9683322760566
8855,11422.031827777777
8856,11543.67612874903
8857,3931.1279142857143
8858,3005.5270640957388
8859,11655.818162082362
8860,3672.4215642857143
8861,3130.9365838620924
8862,13010.264171031748
8863,3552.396
8864,13001.040855555555
8865,12998.750855555554
8866,2946.3964342404947
8867,12984.908972222223
8868,14176.903481962483
8869,13062.136337698414
8870,11363.079311111112
8871,2723.004779180076
8872,3451.038177694236
8873,2929.7354398343273
8874,3489.684198678562
8875,13009.900171031746
8876,11599.79666208236
8877,11358.711311111114
8878,11443.476577777777
8879,12062.41897161537
8880,3953.817816699838
8881,2966.6495431361427
8882,3234.1101164294496
8883,2715.6912906764937
8884,3584.266954593653
8885,3931.1279142857143
8886,4632.808003334093
8887,2931.9987313753963
8888,12228.931639887334
8889,3129.579137913888
8890,11443.476577777777
8891,11766.079328749029
8892,3180.5217704535703
8893,3243.2835665831244
8894,13472.696372619046
8895,3024.085237329865
8896,11833.27489086136
8897,3132.8430838620925
8898,3160.9576
8899,3930.94745
8900,13061.916961616162
8901,2974.025940691365
8902,3489.3091015873015
8903,4012.8970833333333
8904,2796.4773748855546
8905,3235.6446602389738
8906,15366.359609126985
8907,13460.39451547619
8908,3354.1669833333335
8909,3171.1842
8910,3137.260745626798
8911,2948.9452176051564
8912,3465.586680952381
8913,3427.91132213868
8914,13007.33638531746
8915,3135.321430547433
8916,12996.200504365079
8917,3650.5325593766474
8918,3234.687793572307
8919,3393.4141554720136
8920,11974.361788514585
8921,3427.7650666666664
8922,14379.026
8923,3000.753690691365
8924,14532.720825793653
8925,3416.8925380952383
8926,12985.855972222223
8927,3173.6281138765216
8928,3232.426249762783
8929,2957.3814589453345
8930,3457.7796809523807
8931,2730.172123002419
8932,13062.788313888886
8933,2983.194629623193
8934,3457.7796809523807
8935,3674.879047619047
8936,3008.7749699108504
8937,12770.001852886002
8938,12989.827961616162
8939,17177.4692
8940,3634.2603930274413
8941,3137.0372045805543
8942,2736.4320439198714
8943,13447.450039285714
8944,3241.0512221437357
8945,2948.0332097180994
8946,13818.088
8947,11363.079311111112
8948,11443.476577777777
8949,3868.745
8950,2964.6007811675563
8951,3419.117454761905
8952,3493.4699152800094
8953,3584.266954593653
8954,3453.5744309523807
8955,11603.047662082361
8956,3405.2027333333335
8957,2986.533083966153
8958,3232.426249762783
8959,2726.808123002419
8960,2798.644830550579
8961,3583.104954593653
8962,2929.7354398343273
8963,2794.9952972547203
8964,3227.5590777752054
8965,11419.992361111112
8966,3518.2399152800094
8967,2728.011123002419
8968,13810.268
8969,3228.7126311130396
8970,3217.5085452380954
8971,3178.362088011696
8972,3491.2736015873015
8973,3176.9438670302393
8974,3143.112582052137
8975,2794.1099639213867
8976,3678.7845809523806
8977,3015.1185748821745
8978,4630.295322381711
8979,2798.3910415522214
8980,3279.9840714792117
8981,3236.492793572307
8982,3234.934793572307
8983,11357.636311111113
8984,12576.984762268286
8985,12999.098972222224
8986,3587.5402146187153
8987,3392.2986833333334
8988,11419.992361111112
8989,13006.792461616164
8990,3015.9347244853493
8991,4394.771077849928
8992,13773.299973193472
8993,3233.462793572307
8994,2772.6383259430027
8995,3676.5445690476186
8996,13489.141122619047
8997,11599.79666208236
8998,13062.788313888886
8999,11547.097528749031
9000,3217.4431100604074
9001,3201.6201319902325
9002,3487.6410476190476
9003,11363.079311111112
9004,11422.031827777777
9005,12998.479961616162
9006,11459.409577777777
9007,11599.79666208236
9008,3654.3135593766474
9009,3237.0593822696737
9010,4604.551916666667
9011,2986.9741117622525
9012,2935.3608400642524
9013,11363.369561111112
9014,11613.571328749029
9015,3197.9979527654104
9016,2947.1496176051564
9017,16539.580916666666
9018,3122.9379949732033
9019,2794.9952972547203
9020,12989.463961616162
9021,13434.892057142855
9022,4590.719170000761
9023,13009.900171031746
9024,2818.2559853802004
9025,13020.618461616164
9026,11357.636311111113
9027,11419.992361111112
9028,3218.457473308271
9029,2759.2244797495773
9030,3957.4872
9031,3271.9268793529363
9032,3140.1015534188045
9033,2710.1912765391985
9034,12986.822972222224
9035,12833.760886219336
9036,3672.4215642857143
9037,11363.079311111112
9038,13062.788313888886
9039,3971.9177964004257
9040,2798.3910415522214
9041,3115.3001153854702
9042,3123.0401379138884
9043,11492.806861111112
9044,11419.992361111112
9045,2796.1704639213867
9046,2763.137852007776
9047,3274.5887460196027
9048,12883.222834848484
9049,13062.788313888886
9050,3133.747406737909
9051,2907.6723085762956
9052,12985.272972222225
9053,3470.4226809523807
9054,12883.434466666666
9055,2730.1010805796022
9056,3187.9562
9057,13001.040855555555
9058,11422.031827777777
9059,13718.835889860138
9060,2955.8847311675568
9061,3704.1302
9062,13062.424313888887
9063,3229.21388111304
9064,4617.510643810283
9065,3693.0570976190475
9066,12996.564504365078
9067,13004.637961616163
9068,3151.922082467532
9069,3236.492793572307
9070,12996.564504365078
9071,11449.791577777776
9072,3470.127738095238
9073,11363.951311111114
9074,2947.1496176051564
9075,3486.5401652800097
9076,3117.647244973203
9077,11870.51048396913
9078,3405.5690833333333
9079,3585.56
9080,6586.9257333333335
9081,3273.5744073291266
9082,13012.887105555556
9083,3136.038245626798
9084,3674.003230952381
9085,2978.3357811675564
9086,3122.392398126921
9087,3176.796615789474
9088,3221.372686668595
9089,3389.436916909922
9090,3634.2603930274413
9091,11599.79666208236
9092,4619.642083333333
9093,3585.362954593653
9094,2994.2500454323845
9095,3133.0634067379087
9096,2929.7354398343273
9097,3935.8100499999996
9098,2965.372602238443
9099,4981.0945
9100,11422.031827777777
9101,13058.130337698412
9102,11419.992361111112
9103,2967.644607948746
9104,3930.1349142857143
9105,3405.6574
9106,3454.932680952381
9107,3209.312464446373
9108,13010.264171031748
9109,3563.8307362155388
9110,2897.129991462854
9111,3376.2606314398363
9112,3625.646
9113,3423.8266276942363
9114,11991.282371847918
9115,3671.665080952381
9116,3198.68195276541
9117,3135.4202932249596
9118,2891.4943836897482
9119,3682.0248476190473
9120,3237.0593822696737
9121,3651.096980952381
9122,12545.812731315906
9123,3867.11775
9124,3194.95395276541
9125,2796.6044415522215
9126,3261.1578920662137
9127,12868.0438
9128,13498.104789285713
9129,11605.023662082362
9130,13035.790337698412
9131,3478.4032547619045
9132,11601.59766208236
9133,3263.230892066214
9134,3139.5775833333337
9135,13788.919
9136,13062.788313888886
9137,3376.0182047619046
9138,11603.047662082361
9139,11373.531311111114
9140,3278.7959692338886
9141,3509.1297142857147
9142,11422.031827777777
9143,3276.68954066246
9144,2739.2634605865383
9145,11419.992361111112
9146,13063.547961616163
9147,3486.5401652800097
9148,13201.995022222223
9149,3128.645882467532
9150,12986.539972222225
9151,3236.49763111304
9152,3232.024249762783
9153,11529.04512874903
9154,13482.007039285714
9155,2808.0135278866087
9156,2947.1496176051564
9157,2808.999130550579
9158,3710.3112
9159,3466.762079657477
9160,3683.1011166666663
9161,4387.628332395382
9162,2874.5709368625317
9163,3672.4215642857143
9164,2929.7354398343273
9165,13013.289961616163
9166,13445.413039285713
9167,3119.2635042743595
9168,2892.622481732005
9169,3182.8207027654103
9170,2985.7192200124873
9171,3232.6732497627827
9172,2882.809428728628
9173,3591.3283831650815
9174,2894.74804559451
9175,13884.917
9176,4386.1270826118325
9177,3237.0593822696737
9178,3636.515944993895
9179,2969.3497931361426
9180,3480.9683322760566
9181,3417.8336380952383
9182,12996.564504365078
9183,11605.023662082362
9184,3649.3981149322026
9185,11435.336361111113
9186,3228.3948396799674
9187,3186.453114265022
9188,2727.5773092978066
9189,4617.510643810283
9190,4610.96675
9191,11599.79666208236
9192,2798.7218305505794
9193,12577.298762268287
9194,2728.0421230024194
9195,2947.331911023848
9196,2705.3242092653527
9197,2726.5086765391984
9198,11419.992361111112
9199,2796.1704639213867
9200,3233.462793572307
9201,3636.515944993895
9202,3134.604495056745
9203,2798.3910415522214
9204,2948.9452176051564
9205,3657.166647619047
9206,13015.177105555555
9207,3656.7708476190473
9208,3236.4103822696734
9209,3008.1239365775173
9210,11612.30366208236
9211,3688.2868309523806
9212,3583.3383182300167
9213,3474.490388095238
9214,3195.3709662472816
9215,3812.7695
9216,3263.230892066214
9217,3398.6260833333336
9218,3272.7434073291265
9219,3236.4103822696734
9220,3632.699944993895
9221,4604.551916666667
9222,2983.4781240885236
9223,2947.1496176051564
9224,4619.642083333333
9225,2869.0289277976563
9226,11833.27489086136
9227,3646.926114932203
9228,3188.806864822313
9229,2929.7354398343273
9230,3177.9854842887894
9231,2953.278051225276
9232,3003.1792686880535
9233,3186.4447704535705
9234,3237.0593822696737
9235,13007.33638531746
9236,3233.2917443609026
9237,11357.636311111113
9238,4646.7266533340935
9239,12499.628280450106
9240,3455.3652476190473
9241,3233.215793572307
9242,3417.8336380952383
9243,13436.674057142856
9244,13006.43338531746
9245,13472.696372619046
9246,11608.344328749028
9247,11532.296128749029
9248,2722.6775161420937
9249,3195.035699580615
9250,2796.8582305505793
9251,3472.395830952381
9252,13062.280961616163
9253,3665.0598309523807
9254,4647.237333333334
9255,3505.897588805347
9256,3022.4731978804252
9257,12998.750855555554
9258,3688.2868309523806
9259,11599.79666208236
9260,3678.2433142857144
9261,13006.792461616164
9262,3656.1785435036313
9263,2716.0727906764937
9264,11599.79666208236
9265,3493.4699152800094
9266,3275.5944073291266
9267,12996.564504365078
9268,3233.462793572307
9269,13819.076
9270,2980.6021296231934
9271,2929.7354398343273
9272,3419.2422380952385
9273,13477.253182142858
9274,11596.637645415696
9275,3014.150064095739
9276,3634.142944993895
9277,3436.2140666666664
9278,3261.1578920662137
9279,2743.4880161420942
9280,13010.264171031748
9281,13491.30651547619
9282,3486.5401652800097
9283,11840.078481588178
9284,11443.476577777777
9285,12996.200504365079
9286,3275.0388793529364
9287,2727.3343092978066
9288,2796.957441552221
9289,3580.6903182300166
9290,3583.104954593653
9291,3235.7852497627828
9292,3277.0094073291266
9293,4630.549629649883
9294,3202.848309593554
9295,3130.2631379138884
9296,3276.0838835196028
9297,3691.4728309523807
9298,2902.7808581295203
9299,3934.254914285714
9300,11590.853907777777
9301,3417.004677694236
9302,3432.181079657477
9303,2826.0783853802
9304,13553.576182142857
9305,3378.679004761905
9306,11419.992361111112
9307,3637.739393027441
9308,3116.6812449732033
9309,3273.41254066246
9310,2896.369890597053
9311,3479.8190476190475
9312,3928.7642
9313,11447.420577777777
9314,4632.808003334093
9315,3493.4699152800094
9316,4384.603999062048
9317,3256.9231722728614
9318,13010.264171031748
9319,11599.79666208236
9320,3109.04336538547
9321,4387.628332395382
9322,3930.94745
9323,4626.946272381711
9324,12996.200504365079
9325,3721.4712000000004
9326,11363.079311111112
9327,11833.27489086136
9328,3478.3942547619044
9329,11363.079311111112
9330,3235.6446602389738
9331,3444.888427694236
9332,3665.0598309523807
9333,3271.9268793529363
9334,3683.1011166666663
9335,3238.0467935723073
9336,2999.8218388432133
9337,11605.023662082362
9338,2947.3468516673156
9339,2798.0589639213867
9340,3474.7747547619047
9341,11596.637645415696
9342,2982.1897842718226
9343,2871.895691964826
9344,13023.366421031747
9345,11596.927645415695
9346,13076.924563888886
9347,3647.955114932203
9348,3436.730864285714
9349,12989.827961616162
9350,4609.926916666667
9351,13010.264171031748
9352,13021.253022222223
9353,4981.754166666667
9354,3649.137314285714
9355,11443.476577777777
9356,2809.129859268951
9357,11529.04512874903
9358,11599.79666208236
9359,12980.175233333332
9360,3182.5027027654105
9361,3149.6872491341987
9362,3236.475660238974
9363,3160.3036
9364,13460.39451547619
9365,3189.2832027654104
9366,11422.031827777777
9367,3151.922082467532
9368,3235.703249762783
9369,4615.921903334093
9370,2966.7367931361428
9371,11866.429476575646
9372,2955.0704540562565
9373,2951.320812888905
9374,3018.194547104397
9375,3262.540892066214
9376,13023.49805151515
9377,12851.283113492063
9378,13006.792461616164
9379,11612.566045415695
9380,13010.01450436508
9381,11363.079311111112
9382,3465.586680952381
9383,11608.344328749028
9384,4612.264154761905
9385,11357.636311111113
9386,3794.89725
9387,13062.280961616163
9388,3582.4559545936527
9389,3470.907488095238
9390,3665.0598309523807
9391,2819.162589900839
9392,3860.8554
9393,2947.1496176051564
9394,3691.4728309523807
9395,3580.6903182300166
9396,3633.2313930274413
9397,3473.156488095238
9398,4992.538166666667
9399,3171.9841194320775
9400,3655.763514285714
9401,3576.4110563252543
9402,3572.8542146187156
9403,3360.3179833333334
9404,11599.79666208236
9405,13875.951
9406,3584.266954593653
9407,3483.3658980468444
9408,3180.6411713450293
9409,3584.1693182300164
9410,3239.3092203649117
9411,3237.0593822696737
9412,11602.57266208236
9413,2734.6977089992365
9414,3024.291237329865
9415,13647.448223193473
9416,3184.1871138765214
9417,13745.476
9418,11422.031827777777
9419,3275.5944073291266
9420,3132.2635598916263
9421,2948.9452176051564
9422,12984.908972222223
9423,4323.886855122655
9424,3682.775647619047
9425,2883.9122784241567
9426,3234.1101164294496
9427,12998.750855555554
9428,2732.4090970769935
9429,3603.352988805347
9430,3270.99054066246
9431,3489.684198678562
9432,2947.3468516673156
9433,2975.92011510584
9434,12998.750855555554
9435,2795.390774885555
9436,12062.41897161537
9437,2944.728834240495
9438,4603.418071428571
9439,3636.515944993895
9440,2723.2375704695482
9441,12210.26581624019
9442,3237.0593822696737
9443,3646.926114932203
9444,3142.7762289601314
9445,3398.8464
9446,3175.840937120237
9447,3612.7338642857144
9448,3656.1785435036313
9449,13006.428461616164
9450,3650.845559376647
9451,3260.508892066214
9452,11596.637645415696
9453,13472.696372619046
9454,3171.282244736842
9455,3634.2603930274413
9456,3233.462793572307
9457,13067.808022222223
9458,11357.636311111113
9459,4615.921903334093
9460,3656.303514285714
9461,3020.8641254251024
9462,2735.074179180076
9463,3213.2191381649827
9464,2990.3558628889036
9465,3411.7749107142854
9466,3756.47975
9467,2948.9452176051564
9468,2893.814072415235
9469,11599.79666208236
9470,3591.3283831650815
9471,13875.951
9472,3533.7376586956525
9473,3477.1844989427236
9474,4353.208249062049
9475,2929.7354398343273
9476,2948.9452176051564
9477,3678.2433142857144
9478,3233.7001399749374
9479,3647.955114932203
9480,13004.868855555555
9481,11531.16912874903
9482,3134.604495056745
9483,11608.344328749028
9484,11608.344328749028
9485,3263.230892066214
9486,3493.4699152800094
9487,4382.836320707071
9488,3262.540892066214
9489,2796.6044415522215
9490,3179.054867030239
9491,13010.264171031748
9492,3259.8718920662136
9493,3761.546
9494,2972.6918012252763
9495,2895.349081732005
9496,11599.79666208236
9497,2986.7105153583652
9498,3129.5425598916263
9499,13062.136337698414
9500,13023.416421031747
9501,3691.4728309523807
9502,13007.375461616164
9503,13495.656039285714
9504,3678.7023142857142
9505,2807.562681565541
9506,3476.0071880952382
9507,13007.90850436508
9508,3473.5946916666667
9509,3121.817637913888
9510,11443.476577777777
9511,3377.570004761905
9512,3143.1233653854706
9513,11599.79666208236
9514,2948.9452176051564
9515,3228.9364644463726
9516,3582.4559545936527
9517,11419.992361111112
9518,3394.8656833333334
9519,11599.79666208236
9520,3416.9105380952383
9521,3020.271196707572
9522,11419.992361111112
9523,11419.992361111112
9524,2730.172123002419
9525,3402.616333403078
9526,3376.2606314398363
9527,3235.630687858021
9528,3162.73853148898
9529,3580.6903182300166
9530,3175.7391138765215
9531,2946.469434240495
9532,11433.424361111112
9533,3632.699944993895
9534,12644.036168181816
9535,3233.215793572307
9536,11531.16912874903
9537,3130.1237309523804
9538,3234.687793572307
9539,11596.637645415696
9540,2821.871900027909
9541,3019.075047104397
9542,3155.2950200019286
9543,3631.670944993895
9544,2878.58731738273
9545,11603.371662082362
9546,3117.8668518725212
9547,11492.994861111112
9548,4019.2583348845596
9549,3473.156488095238
9550,3591.3283831650815
9551,11357.636311111113
9552,3633.611393027441
9553,3393.6949129908103
9554,3126.962345300001
9555,13066.325022222223
9556,13058.856004365081
9557,3450.806177694236
9558,13010.264171031748
9559,2947.3468516673156
9560,3395.7711554720136
9561,11443.476577777777
9562,3237.0593822696737
9563,3234.934793572307
9564,3156.559864822313
9565,3110.5673083261554
9566,12060.887010758684
9567,3678.2433142857144
9568,3654.940980952381
9569,2798.2888748855544
9570,15435.110955555554
9571,2929.7354398343273
9572,3235.703249762783
9573,13012.887105555556
9574,2716.693038995598
9575,14310.455738564215
9576,3000.160573447499
9577,13087.684022222224
9578,3473.156488095238
9579,4157.465319444445
9580,12073.834495424895
9581,3280.7739692338887
9582,3125.556974992822
9583,12997.356972222224
9584,11357.636311111113
9585,11422.031827777777
9586,13061.916961616162
9587,3113.118698718804
9588,12790.438852886004
9589,11596.637645415696
9590,3935.4136666666664
9591,3421.888238095238
9592,3482.2057902800098
9593,2868.5715140150082
9594,3114.3311153854706
9595,2935.3608400642524
9596,13010.264171031748
9597,3583.104954593653
9598,3137.944745626798
9599,3634.2603930274413
9600,4617.510643810283
9601,17527.796566666668
9602,3130.087882467532
9603,4644.936333333334
9604,3137.944745626798
9605,11419.992361111112
9606,3659.784987948076
9607,11536.39612874903
9608,3009.5512217158966
9609,4699.5349986975025
9610,11422.031827777777
9611,3704.3862000000004
9612,3675.990769047619
9613,3649.480114932203
9614,3933.6269166666666
9615,2909.6939085762956
9616,11439.103827777777
9617,3591.3283831650815
9618,11596.637645415696
9619,3375.879333403078
9620,3476.0071880952382
9621,3414.2372309523807
9622,3206.132128571429
9623,3237.78864893634
9624,2882.809428728628
9625,13436.674057142856
9626,11602.57266208236
9627,12998.479961616162
9628,13493.34351547619
9629,13062.424313888887
9630,11529.04512874903
9631,11599.79666208236
9632,3656.1785435036313
9633,12998.479961616162
9634,2929.7354398343273
9635,3653.8195593766472
9636,3273.7577460196026
9637,3237.964793572307
9638,2981.792515358365
9639,3122.2433879138885
9640,11608.344328749028
9641,4612.96025
9642,11521.241861111112
9643,3226.3218396799675
9644,3636.908393027441
9645,3219.0150110275695
9646,3680.8113714285705
9647,11596.637645415696
9648,3232.813793572307
9649,2772.573659276336
9650,13067.948022222223
9651,3932.3531642857142
9652,2944.8322905248765
9653,15344.195568678128
9654,3237.0593822696737
9655,3493.632714285714
9656,3130.280680547433
9657,11369.394311111113
9658,2948.9452176051564
9659,13010.01450436508
9660,3625.3914396574773
9661,3128.3749171954255
9662,3956.6982000000003
9663,3273.65954066246
9664,11357.636311111113
9665,14734.771569841269
9666,3369.7035
9667,13010.01450436508
9668,3226.3218396799675
9669,11363.079311111112
9670,3161.5030200019287
9671,13062.280961616163
9672,3230.82563111304
9673,2996.8889494936748
9674,3411.980333403078
9675,3000.908573447499
9676,17540.530828571427
9677,11531.16912874903
9678,2796.2759195864114
9679,2806.5130278866086
9680,3234.934793572307
9681,13006.792461616164
9682,4603.370461667427
9683,11422.031827777777
9684,3221.372686668595
9685,12999.098972222224
9686,2990.762551225276
9687,11833.27489086136
9688,3236.492793572307
9689,3670.117559376647
9690,3227.2301866685953
9691,2893.671081732005
9692,3398.9676833333338
9693,11422.031827777777
9694,3243.2835665831244
9695,12985.272972222225
9696,12996.200504365079
9697,3659.784987948076
9698,3198.845892926888
9699,4630.295322381711
9700,3398.6260833333336
9701,11428.346827777777
9702,3674.411080952381
9703,13000.676855555555
9704,11608.344328749028
9705,3326.969
9706,13484.044039285714
9707,3114.3311153854706
9708,4625.137916666666
9709,4603.370461667427
9710,13007.90850436508
9711,11422.031827777777
9712,3162.295803007324
9713,3015.730522290329
9714,11529.04512874903
9715,3486.5401652800097
9716,12866.063799999998
9717,4609.616154761905
9718,3719.7139500000003
9719,4349.565490728716
9720,3112.7040064111115
9721,11932.768855181255
9722,4630.295322381711
9723,3417.8336380952383
9724,3676.8119357142855
9725,3591.3283831650815
9726,11596.637645415696
9727,3583.104954593653
9728,13007.90850436508
9729,2948.9452176051564
9730,4381.542915728715
9731,3678.2433142857144
9732,3859.6125
9733,12999.098972222224
9734,11443.476577777777
9735,2979.928940691365
9736,3025.1125991624767
9737,13010.01450436508
9738,3929.2261642857143
9739,3232.426249762783
9740,12603.211376623378
9741,3225.6728396799676
9742,2955.0704540562565
9743,3124.918906737909
9744,12997.147504365079
9745,2997.6562002664396
9746,2797.4953748855546
9747,3674.411080952381
9748,3259.255695998844
9749,3612.2267282539683
9750,11599.79666208236
9751,3261.1578920662137
9752,12062.41897161537
9753,3398.533733333333
9754,12985.272972222225
9755,11608.344328749028
9756,3228.7126311130396
9757,3235.7733822696737
9758,11419.992361111112
9759,13010.01450436508
9760,4387.628332395382
9761,13099.025004365081
9762,12228.931639887334
9763,3143.1260194363217
9764,13081.402337698413
9765,2977.7107629565267
9766,11357.636311111113
9767,13023.416421031747
9768,11602.57266208236
9769,2948.9452176051564
9770,3328.442
9771,11674.929069432788
9772,3482.2057902800098
9773,2796.5792748855547
9774,12996.564504365078
9775,4604.551916666667
9776,12276.174492268286
9777,3935.8100499999996
9778,3261.709892066214
9779,4637.8047166666665
9780,3577.4400563252543
9781,3166.738734288789
9782,2984.079869680438
9783,3407.3446833333337
9784,13460.39451547619
9785,11596.637645415696
9786,12998.750855555554
9787,3588.913746801445
9788,3470.4226809523807
9789,3015.389574882174
9790,3159.6910241991714
9791,12634.392816666666
9792,3584.6299545936527
9793,11419.992361111112
9794,2996.0395519980416
9795,3470.127738095238
9796,3121.817637913888
9797,3234.934793572307
9798,4619.642083333333
9799,13062.788313888886
9800,3450.806177694236
9801,4685.6805820308355
9802,14176.903481962483
9803,12984.908972222223
9804,13000.676855555555
9805,13104.664337698414
9806,3132.9605824675323
9807,13720.467
9808,13491.30651547619
9809,3279.0833079243653
9810,13472.696372619046
9811,3228.678506346634
9812,3934.598214285714
9813,3012.686461369225
9814,2935.704440064252
9815,3486.5401652800097
9816,3711.67045
9817,3004.3318919969306
9818,3634.2603930274413
9819,2739.057460586538
9820,2927.3308786918883
9821,12880.538918181817
9822,11421.067361111112
9823,3747.9340219298247
9824,11421.067361111112
9825,3006.4997450595115
9826,3470.907488095238
9827,13445.413039285713
9828,11443.476577777777
9829,3024.291237329865
9830,11435.336361111113
9831,11608.344328749028
9832,11373.965311111113
9833,3659.784987948076
9834,2947.1496176051564
9835,11422.031827777777
9836,3596.45
9837,3656.303514285714
9838,3423.8758796574766
9839,3743.685029329004
9840,11599.79666208236
9841,3591.0473831650816
9842,3681.025514285714
9843,11419.992361111112
9844,11599.79666208236
9845,3237.0593822696737
9846,3659.784987948076
9847,11599.79666208236
9848,3476.0071880952382
9849,11377.100311111113
9850,4632.808003334093
9851,3387.28141299081
9852,3907.2272000000003
9853,3217.085113784461
9854,11596.637645415696
9855,3686.69745
9856,11444.551577777776
9857,3204.717553418804
9858,2799.4443748855547
9859,11531.16912874903
9860,11529.04512874903
9861,12984.908972222223
9862,13006.792461616164
9863,3009.5512217158966
9864,3233.462793572307
9865,13688.596
9866,4602.435236667427
9867,11599.79666208236
9868,11433.424361111112
9869,3013.5018213652734
9870,11599.79666208236
9871,2994.644642750709
9872,3438.9604000000004
9873,3117.647244973203
9874,3184.04320276541
9875,3015.7575748821746
9876,3419.628579657477
9877,3672.4035642857143
9878,3234.2857935723073
9879,3419.2242380952384
9880,11599.79666208236
9881,3676.4188476190475
9882,3123.9286379138885
9883,12995.250972222224
9884,3405.6574
9885,3388.792261027569
9886,3235.703249762783
9887,13010.264171031748
9888,4603.370461667427
9889,3419.559538095238
9890,2948.9452176051564
9891,5009.2705
9892,3024.085237329865
9893,11596.637645415696
9894,3634.224944993895
9895,11599.79666208236
9896,3486.5401652800097
9897,3591.0473831650816
9898,13006.792461616164
9899,2953.4474589453343
9900,3551.8396753623188
9901,11599.79666208236
9902,3664.401830952381
9903,2753.5679867770145
9904,11419.992361111112
9905,3494.8721333333333
9906,11529.04512874903
9907,3214.7931300751884
9908,2929.7354398343273
9909,3680.2839809523807
9910,3650.845559376647
9911,13491.30651547619
9912,12985.272972222225
9913,3163.6756
9914,12996.200504365079
9915,2796.8582305505793
9916,11443.476577777777
9917,14224.377
9918,3215.104621345029
9919,3668.245830952381
9920,3647.955114932203
9921,3271.9268793529363
9922,13010.264171031748
9923,2935.3608400642524
9924,3465.586680952381
9925,3174.1118638765215
9926,13062.788313888886
9927,11443.476577777777
9928,3461.943930952381
9929,3279.0833079243653
9930,12210.26581624019
9931,13076.924563888886
9932,13872.102
9933,11599.79666208236
9934,3935.819214285714
9935,3273.41254066246
9936,11419.992361111112
9937,11611.12032874903
9938,2721.3788320947547
9939,11419.992361111112
9940,3582.823954593653
9941,13818.088
9942,3680.793371428571
9943,3204.0648700019287
9944,13010.264171031748
9945,3904.902
9946,3634.2603930274413
9947,12062.41897161537
9948,3462.7396809523807
9949,13062.788313888886
9950,12989.827961616162
9951,11599.79666208236
9952,3399.3056083333336
9953,2932.199398845447
9954,11833.27489086136
9955,11363.079311111112
9956,12999.098972222224
9957,3472.983680952381
9958,3575.8392146187152
9959,3013.2958213652737
9960,2809.431774885554
9961,2819.2345502182993
9962,5004.255166666667
9963,11608.344328749028
9964,3155.9345833333336
9965,3652.9813142857142
9966,3929.2261642857143
9967,11599.79666208236
9968,11603.371662082362
9969,12993.484772222222
9970,11613.802912082361
9971,2929.7354398343273
9972,4620.133583333333
9973,12996.564504365078
9974,11600.086662082362
9975,2793.580774885555
9976,3136.30523095238
9977,11423.106827777778
9978,12985.272972222225
9979,3581.077643190144
9980,3582.133318230017
9981,3117.440448718804
9982,12062.41897161537
9983,3475.0670476190476
9984,3409.366798106503
9985,11529.04512874903
9986,3665.9940976190474
9987,2966.981122133219
9988,3196.2019662472817
9989,3173.6969371202367
9990,3398.9676833333338
9991,3273.41254066246
9992,4632.808003334093
9993,4381.542915728715
9994,2712.5077906764936
9995,3260.508892066214
9996,2948.9452176051564
9997,2796.6044415522215
9998,11443.476577777777
9999,13001.040855555555
10000,11363.951311111114
10001,2916.5137145095136
10002,11529.04512874903
10003,3647.306114932203
10004,11443.476577777777
10005,11357.636311111113
10006,3277.0094073291266
10007,3195.035699580615
10008,2805.7665000279094
10009,2736.217042075925
10010,2951.1354589453344
10011,11599.79666208236
10012,11419.992361111112
10013,11531.16912874903
10014,2928.3433707792205
10015,3675.6390476190472
10016,3419.559538095238
10017,11443.476577777777
10018,3908.9048
10019,13647.448223193473
10020,13775.797639860139
10021,3183.6861367521374
10022,3121.817637913888
10023,3234.934793572307
10024,3404.5106314398363
10025,4353.208249062049
10026,3122.9379949732033
10027,2993.0265519980417
10028,11357.636311111113
10029,12996.564504365078
10030,2890.9183950908237
10031,13009.900171031746
10032,3273.65954066246
10033,11681.403569432787
10034,11599.888645415695
10035,3110.0123653854703
10036,3633.2313930274413
10037,11357.636311111113
10038,12998.479961616162
10039,13006.428461616164
10040,2727.074123002419
10041,4349.565490728716
10042,3122.3327042743595
10043,3481.506532142857
10044,3197.8969541091733
10045,3577.4400563252543
10046,3678.2433142857144
10047,2775.0199688001453
10048,13879.671
10049,13006.792461616164
10050,2778.603327016622
10051,2956.8237097180995
10052,11602.57266208236
10053,13006.428461616164
10054,2807.9061702331187
10055,12998.750855555554
10056,3202.5821281520434
10057,2952.5008929138176
10058,2721.8937765391984
10059,3494.8721333333333
10060,11599.79666208236
10061,3195.035699580615
10062,3633.611393027441
10063,13434.892057142855
10064,3591.3283831650815
10065,11936.029936133633
10066,12998.479961616162
10067,3950.4972765873017
10068,13077.090961616163
10069,11449.791577777776
10070,4604.551916666667
10071,3191.8568157894742
10072,3475.51082213868
10073,11605.023662082362
10074,11419.992361111112
10075,3234.2857935723073
10076,3493.4699152800094
10077,13062.280961616163
10078,11419.992361111112
10079,4619.642083333333
10080,3189.8561138765217
10081,2927.065499904009
10082,13079.779337698414
10083,3930.1349142857143
10084,3907.2272000000003
10085,11531.16912874903
10086,11447.877361111112
10087,12989.827961616162
10088,2994.574544982598
10089,2808.4107748855545
10090,4603.418071428571
10091,3490.269454799549
10092,11530.34812874903
10093,2947.3468516673156
10094,2773.7483259430023
10095,3392.2986833333334
10096,3233.462793572307
10097,3493.4699152800094
10098,11863.68189324231
10099,3115.3001153854702
10100,2775.636825943002
10101,13023.416421031747
10102,2998.6752002664393
10103,3235.6446602389738
10104,11531.16912874903
10105,13775.797639860139
10106,2798.2888748855544
10107,11532.62012874903
10108,12993.484772222222
10109,4639.346738095238
10110,11608.344328749028
10111,2790.9024721609935
10112,2979.016690691365
10113,3591.3283831650815
10114,3272.7434073291265
10115,4353.208249062049
10116,3422.016329761904
10117,2820.3227702331183
10118,12996.564504365078
10119,2919.049775548475
10120,2752.4617367770147
10121,3124.4311567379086
10122,3678.7023142857142
10123,13001.040855555555
10124,3859.6125
10125,2963.641125612001
10126,4323.886855122655
10127,3122.9379949732033
10128,3932.2292
10129,3493.4699152800094
10130,3122.5246567379086
10131,3367.2806886662356
10132,3237.1652316675445
10133,2944.728834240495
10134,4590.719170000761
10135,3273.0105406624602
10136,15199.055190079367
10137,11599.79666208236
10138,3479.8190476190475
10139,3601.603
10140,11605.023662082362
10141,3594.155912990811
10142,13080.574337698414
10143,3426.0192154761903
10144,3227.5590777752054
10145,2907.2091397030194
10146,3182.8207027654103
10147,3588.913746801445
10148,3499.10939028001
10149,2970.6060153583653
10150,11357.636311111113
10151,3382.057866736411
10152,13006.428461616164
10153,3273.65954066246
10154,3445.6804214662156
10155,11357.636311111113
10156,3652.7665593766474
10157,2746.096476668409
10158,3932.6462
10159,3233.462793572307
10160,3375.879333403078
10161,11364.154311111113
10162,3214.5938092176143
10163,3465.586680952381
10164,3657.166647619047
10165,3235.6446602389738
10166,13176.697216666664
10167,2814.2015899008393
10168,2803.816194553275
10169,12999.098972222224
10170,3130.3424067379087
10171,4674.1370463165495
10172,3235.6446602389738
10173,11600.086662082362
10174,14327.502
10175,3002.4014109211357
10176,13062.788313888886
10177,11599.79666208236
10178,2929.7354398343273
10179,3684.632461823387
10180,3213.1351137844613
10181,3929.2261642857143
10182,13818.088
10183,3152.4635534188046
10184,3470.907488095238
10185,3932.35795
10186,4656.351583333334
10187,3228.678506346634
10188,2983.4781240885236
10189,3171.7514842887895
10190,11599.79666208236
10191,3279.0413079243654
10192,14364.707
10193,2728.3059513338485
10194,13482.007039285714
10195,11419.992361111112
10196,11640.920078749028
10197,4409.608131818181
10198,3274.763407329127
10199,3020.3009312730123
10200,3661.2158309523807
10201,3416.2413334030775
10202,11443.476577777777
10203,11443.476577777777
10204,3654.940980952381
10205,3419.833079657477
10206,3208.1627700019285
10207,4097.94533488456
10208,3836.7805
10209,11608.344328749028
10210,13486.838122619047
10211,3236.475660238974
10212,3189.6107704535702
10213,3650.6031149322025
10214,11599.79666208236
10215,2968.851262956527
10216,4374.19616118326
10217,2705.8282092653526
10218,12984.908972222223
10219,2892.4164817320047
10220,11421.067361111112
10221,11636.37841208236
10222,3674.003230952381
10223,3486.5401652800097
10224,3482.2057902800098
10225,17238.89286666667
10226,3493.4699152800094
10227,13023.366421031747
10228,3674.411080952381
10229,13482.007039285714
10230,13062.788313888886
10231,3682.2218476190474
10232,2973.4403740885236
10233,3991.4095666998383
10234,3905.834914285714
10235,11840.078481588178
10236,3470.907488095238
10237,11599.79666208236
10238,3117.2369067379086
10239,13461.604039285714
10240,3691.4728309523807
10241,3640.923373565324
10242,3133.21158370115
10243,12996.564504365078
10244,3143.828882467532
10245,13872.102
10246,11596.637645415696
10247,2905.0773988454466
10248,3686.766449999999
10249,12996.564504365078
10250,4387.628332395382
10251,3476.0071880952382
10252,11357.636311111113
10253,3473.156488095238
10254,3591.3283831650815
10255,11419.992361111112
10256,13062.788313888886
10257,3482.5056825051765
10258,11422.031827777777
10259,2947.1496176051564
10260,11419.992361111112
10261,13063.547961616163
10262,2982.0931438450825
10263,13810.268
10264,12559.126762268286
10265,12883.434466666666
10266,3471.0456888053473
10267,3675.990769047619
10268,3235.3661899749372
10269,2808.927170233119
10270,3233.462793572307
10271,3111.688318539188
10272,3591.3283831650815
10273,3226.3218396799675
10274,13011.531171031747
10275,11613.802912082361
10276,11422.031827777777
10277,11423.106827777778
10278,2947.1496176051564
10279,3195.035699580615
10280,11599.79666208236
10281,3008.549936577517
10282,3470.4941500000004
10283,12996.200504365079
10284,13062.280961616163
10285,2738.4957533067804
10286,4477.6182
10287,4332.645767243866
10288,3182.722367030239
10289,3272.7434073291265
10290,11866.429476575646
10291,3711.3402
10292,3261.1578920662137
10293,2798.644830550579
10294,3935.6302
10295,3003.891309742051
10296,11436.052827777778
10297,3234.934793572307
10298,4626.946272381711
10299,2720.840779180076
10300,13062.280961616163
10301,11357.636311111113
10302,3390.5474997773463
10303,3465.586680952381
10304,3651.096980952381
10305,2973.111143075384
10306,2798.3910415522214
10307,4655.850582030835
10308,3179.0448638765215
10309,11599.79666208236
10310,2811.711770233119
10311,13042.457688888891
10312,3189.6199541091732
10313,3711.1244500000003
10314,3207.3673648223125
10315,13434.892057142855
10316,3493.369864285714
10317,3572.2052146187157
10318,11599.79666208236
10319,2733.777192195669
10320,3675.621047619047
10321,2947.3468516673156
10322,3652.9813142857142
10323,3014.5757244853494
10324,2947.1496176051564
10325,13462.43151547619
10326,14975.02541172439
10327,3206.488936995392
10328,3223.1148159427603
10329,13006.428461616164
10330,3182.8207027654103
10331,12997.147504365079
10332,2737.160292075925
10333,2819.162589900839
10334,13508.38826547619
10335,13062.788313888886
10336,12985.272972222225
10337,3227.7598811130397
10338,4381.542915728715
10339,2800.7483748855543
10340,3644.2176172517316
10341,3676.5445690476186
10342,2955.0704540562565
10343,3874.796000336336
10344,3633.2313930274413
10345,4617.510643810283
10346,3457.490691666667
10347,13491.30651547619
10348,2709.6952765391984
10349,3632.699944993895
10350,3421.888238095238
10351,11529.04512874903
10352,2947.3468516673156
10353,12553.46444560162
10354,4412.1838437229435
10355,3585.575954593653
10356,2882.809428728628
10357,2798.2888748855544
10358,3110.0123653854703
10359,2948.9452176051564
10360,3122.934994973203
10361,13474.733372619046
10362,3162.5376
10363,3151.163251583748
10364,13023.416421031747
10365,3235.4931364294494
10366,12985.272972222225
10367,3615.0608642857146
10368,3470.127738095238
10369,2948.9452176051564
10370,13875.951
10371,3407.3446833333337
10372,13077.090961616163
10373,2798.644830550579
10374,3585.3593831650815
10375,13011.531171031747
10376,12062.41897161537
10377,13047.373022222222
10378,2735.148367101526
10379,3235.7733822696737
10380,11599.79666208236
10381,2978.8971994936746
10382,13076.874563888887
10383,5009.2705
10384,11421.067361111112
10385,3470.907488095238
10386,2898.0409914628535
10387,3195.3709662472816
10388,3681.5485809523807
10389,12679.889934848483
10390,13062.280961616163
10391,3683.3558476190474
10392,5004.255166666667
10393,3141.3165642857143
10394,3438.09259990199
10395,13100.446337698413
10396,3199.038866583124
10397,3375.879333403078
10398,2948.9452176051564
10399,3482.3016380952376
10400,2997.2610089453337
10401,13010.01450436508
10402,3514.4082166666667
10403,3470.907488095238
10404,3236.7501164294495
10405,12985.272972222225
10406,3659.784987948076
10407,2722.244779180076
10408,13810.268
10409,11608.344328749028
10410,12999.098972222224
10411,3032.027156702159
10412,11443.476577777777
10413,3680.2029809523806
10414,3401.5346833333338
10415,3111.688318539188
10416,11421.067361111112
10417,2794.189774885555
10418,2960.5453628889045
10419,12062.41897161537
10420,11529.04512874903
10421,13010.01450436508
10422,11599.79666208236
10423,3163.438150955456
10424,3003.0642144225358
10425,2950.5707097180994
10426,13023.416421031747
10427,2798.3910415522214
10428,11600.086662082362
10429,3571.8252146187156
10430,12236.013351792099
10431,13007.90850436508
10432,3868.5308380138626
10433,13491.30651547619
10434,3933.1967999999997
10435,3239.6580110275695
10436,11599.79666208236
10437,3198.4521509554556
10438,12985.272972222225
10439,13006.792461616164
10440,3584.1693182300164
10441,2793.9367305505793
10442,3465.586680952381
10443,3261.1578920662137
10444,3235.703249762783
10445,13482.007039285714
10446,12996.200504365079
10447,2806.737694553275
10448,3271.63954066246
10449,3235.703249762783
10450,3383.4791744287186
10451,11596.637645415696
10452,3237.1652316675445
10453,2947.1496176051564
10454,3015.389574882174
10455,13010.01450436508
10456,12833.760886219336
10457,13010.264171031748
10458,11357.636311111113
10459,3632.699944993895
10460,3232.6732497627827
10461,3399.637155332902
10462,13061.916961616162
10463,11599.79666208236
10464,3021.756590179792
10465,3450.2048666666665
10466,2810.713770233119
10467,3261.1578920662137
10468,11444.551577777776
10469,13474.733372619046
10470,3661.2158309523807
10471,2946.469434240495
10472,3932.35795
10473,12986.539972222225
10474,4952.9875
10475,3259.8718920662136
10476,11419.992361111112
10477,3276.77154066246
10478,11436.052827777778
10479,2988.986083966153
10480,11599.79666208236
10481,3226.869506346634
10482,3203.641198155646
10483,3276.283978757698
10484,3226.3218396799675
10485,3681.5485809523807
10486,2799.360630588054
10487,3233.462793572307
10488,4371.730327849928
10489,12996.564504365078
10490,3238.2846602389736
10491,11596.637645415696
10492,3126.408037607693
10493,2965.1106022384433
10494,4630.295322381711
10495,11357.636311111113
10496,3494.857333333333
10497,11433.424361111112
10498,3273.65954066246
10499,15257.170217460318
10500,3470.907488095238
10501,3121.817637913888
10502,11599.79666208236
10503,11420.282611111112
10504,2972.784102238443
10505,3134.4614950567448
10506,3145.2298976190473
10507,2891.75644559451
10508,3123.5168213295347
10509,3470.4226809523807
10510,13062.863961616162
10511,11419.992361111112
10512,3207.8962
10513,13006.792461616164
10514,2959.8187311675565
10515,3233.462793572307
10516,3232.813793572307
10517,2823.6585000279088
10518,13010.264171031748
10519,2927.3308786918883
10520,3419.117454761905
10521,3024.085237329865
10522,3486.5401652800097
10523,3480.9683322760566
10524,13010.264171031748
10525,12985.855972222223
10526,3682.288014285714
10527,11529.04512874903
10528,13062.788313888886
10529,3572.8542146187156
10530,3238.61964893634
10531,12998.750855555554
10532,13775.797639860139
10533,2751.798203306781
10534,3680.2839809523807
10535,11599.79666208236
10536,12993.484772222222
10537,13010.264171031748
10538,3932.3531642857142
10539,3151.369251583748
10540,11531.16912874903
10541,3481.515532142857
10542,11433.424361111112
10543,3675.621047619047
10544,11424.790361111112
10545,3236.574793572307
10546,3738.4162166720744
10547,2909.295908576296
10548,3027.0371967075716
10549,3392.2986833333334
10550,3651.6852142857147
10551,13062.788313888886
10552,3140.2155534188046
10553,2997.6242002664394
10554,3377.773631439836
10555,3902.0729142857144
10556,3234.687793572307
10557,2707.5947445724196
10558,13007.90850436508
10559,3463.8897059523806
10560,3430.5494000000003
10561,2944.6738342404947
10562,3010.4144219348063
10563,3583.104954593653
10564,2898.178591462854
10565,3017.0667365760432
10566,3284.0465013892135
10567,13006.81338531746
10568,3407.3446833333337
10569,11599.79666208236
10570,3117.440448718804
10571,13006.792461616164
10572,3233.462793572307
10573,3674.003230952381
10574,3485.209683370977
10575,2882.994828728628
10576,3719.7139500000003
10577,12998.750855555554
10578,3180.6411713450293
10579,2803.816194553275
10580,3624.74874489191
10581,3691.4728309523807
10582,3195.966720085471
10583,4626.803416666666
10584,2795.6412748855546
10585,11632.58541208236
10586,3576.7910563252544
10587,12062.41897161537
10588,3236.475660238974
10589,2947.1496176051564
10590,11531.16912874903
10591,13006.428461616164
10592,3391.9570833333337
10593,3451.6364000000003
10594,3651.5615593766474
10595,3172.2596866685954
10596,13794.558
10597,3118.9607564111116
10598,11437.571827777776
10599,3323.640255714921
10600,3578.9650563252544
10601,3675.990769047619
10602,2995.684897834223
10603,3572.8542146187156
10604,4321.268471789322
10605,3654.940980952381
10606,11419.992361111112
10607,3241.5841364294497
10608,3236.492793572307
10609,2959.2943628889043
10610,11357.926561111113
10611,11599.79666208236
10612,3451.8318443609023
10613,11529.04512874903
10614,3017.4087244853495
10615,2912.6271752429625
10616,2997.431036148371
10617,11608.344328749028
10618,13022.877051984126
10619,12679.889934848483
10620,4382.836320707071
10621,12984.908972222223
10622,3471.626921466215
10623,2860.8734789746295
10624,2898.3845914628537
10625,13482.007039285714
10626,13447.450039285714
10627,3271.63954066246
10628,3668.245830952381
10629,3649.137314285714
10630,3695.21045
10631,4640.862522381712
10632,3263.955892066214
10633,13491.30651547619
10634,3180.926690865838
10635,3236.492793572307
10636,2723.038477072928
10637,12997.147504365079
10638,3651.5615593766474
10639,11421.067361111112
10640,2707.6214314875747
10641,13076.924563888886
10642,11547.097528749031
10643,13062.788313888886
10644,11529.04512874903
10645,3937.8300666666664
10646,13062.788313888886
10647,11599.888645415695
10648,3142.3882309523806
10649,4655.858883333332
10650,3124.118418175817
10651,3236.7501164294495
10652,3004.3318919969306
10653,11444.551577777776
10654,12049.47148694916
10655,13460.39451547619
10656,12996.200504365079
10657,13889.451
10658,14514.726888564213
10659,4604.551916666667
10660,14176.903481962483
10661,2724.4586765391987
10662,3280.7739692338887
10663,3674.003230952381
10664,3215.6734714983163
10665,3480.9683322760566
10666,4612.264154761905
10667,3935.3956666666663
10668,2799.3930415522213
10669,3591.3283831650815
10670,3200.847469047619
10671,3239.1323822696736
10672,2987.169578392845
10673,12049.47148694916
10674,12998.750855555554
10675,3261.709892066214
10676,3261.1578920662137
10677,11422.031827777777
10678,3273.41254066246
10679,11419.992361111112
10680,2876.25913675749
10681,2736.997254446187
10682,3904.4642000000003
10683,3273.41254066246
10684,11599.79666208236
10685,11443.476577777777
10686,2993.7546457810117
10687,3461.943930952381
10688,3470.907488095238
10689,3271.9268793529363
10690,3399.842881439836
10691,3462.7396809523807
10692,2821.1147702331186
10693,2880.95733675749
10694,3577.4400563252543
10695,3394.093011027569
10696,11599.79666208236
10697,3145.002082467532
10698,3688.2868309523806
10699,13889.451
10700,12994.815972222224
10701,2947.1496176051564
10702,3275.5944073291266
10703,13872.102
10704,3572.8542146187156
10705,11419.992361111112
10706,12998.750855555554
10707,3141.3165642857143
10708,11474.003827777777
10709,12998.750855555554
10710,3158.0214009554556
10711,11534.42012874903
10712,2947.1496176051564
10713,12996.564504365078
10714,2970.6707931361425
10715,2800.6833639213864
10716,13062.280961616163
10717,13778.014973193473
10718,13006.792461616164
10719,4626.946272381711
10720,11529.04512874903
10721,2794.6422972547202
10722,2775.5721592763357
10723,13482.007039285714
10724,13076.38519484127
10725,12996.564504365078
10726,3683.3558476190474
10727,3398.9676833333338
10728,11531.16912874903
10729,3577.4400563252543
10730,3261.1578920662137
10731,3585.0783831650815
10732,2794.1099639213867
10733,4386.1270826118325
10734,3198.473476260221
10735,4612.264154761905
10736,13062.424313888887
10737,11357.636311111113
10738,11811.078550635795
10739,3025.3169039965314
10740,3008.7749699108504
10741,2929.7354398343273
10742,11603.632962082364
10743,13491.30651547619
10744,11357.636311111113
10745,3933.0409142857143
10746,3003.879221715897
10747,11435.336361111113
10748,4985.7775
10749,4656.706915364169
10750,12996.564504365078
10751,11419.992361111112
10752,11599.79666208236
10753,3402.616333403078
10754,11422.031827777777
10755,3274.763407329127
10756,3233.8682682513963
10757,2975.790543136143
10758,12062.41897161537
10759,3650.6031149322025
10760,3130.280680547433
10761,3114.605508326156
10762,4390.448415728715
10763,3480.9683322760566
10764,4617.510643810283
10765,3931.1279142857143
10766,3261.1578920662137
10767,3232.2681899749373
10768,12996.200504365079
10769,3470.907488095238
10770,3513.6917976190475
10771,11608.344328749028
10772,11422.031827777777
10773,3659.784987948076
10774,3232.6732497627827
10775,2778.603327016622
10776,2794.9952972547203
10777,3470.907488095238
10778,11600.086662082362
10779,2799.6413748855543
10780,11599.79666208236
10781,2991.5502589453336
10782,2964.110397834223
10783,12986.539972222225
10784,3659.784987948076
10785,3241.0092221437358
10786,13001.040855555555
10787,2728.2851230024194
10788,3178.298036098744
10789,3672.4215642857143
10790,3691.4728309523807
10791,2995.5652002664397
10792,11599.79666208236
10793,2705.3242092653527
10794,13445.413039285713
10795,3237.964793572307
10796,11599.79666208236
10797,12998.750855555554
10798,3678.8025809523806
10799,2903.2651605804535
10800,3470.907488095238
10801,12996.200504365079
10802,3514.4095367738
10803,3676.5445690476186
10804,2742.296377253205
10805,4407.234494516594
10806,3932.6462
10807,3151.922082467532
10808,3005.9535352954654
10809,2929.7354398343273
10810,3676.4188476190475
10811,3585.025954593653
10812,11443.476577777777
10813,3374.8487682539685
10814,3115.2971153854705
10815,13023.416421031747
10816,3262.540892066214
10817,3238.61964893634
10818,3443.6702
10819,3263.955892066214
10820,3656.1785435036313
10821,12989.827961616162
10822,3465.586680952381
10823,11419.992361111112
10824,12985.272972222225
10825,3244.1738108411023
10826,3225.497436668595
10827,12996.564504365078
10828,2916.5137145095136
10829,3207.380299916458
10830,3149.5562309523807
10831,3486.252838095238
10832,2879.8340287286283
10833,4603.370461667427
10834,2714.6992765391988
10835,3226.869506346634
10836,3661.2158309523807
10837,2831.301764140074
10838,3407.3446833333337
10839,3233.215793572307
10840,4992.538166666667
10841,3476.8530158385097
10842,3462.6088221386804
10843,11599.79666208236
10844,3393.23435
10845,13076.924563888886
10846,11424.790361111112
10847,3235.703249762783
10848,4080.2800432178938
10849,3377.773631439836
10850,2964.82076890511
10851,2955.0704540562565
10852,3259.8718920662136
10853,3214.9916311130396
10854,3465.586680952381
10855,4685.6805820308355
10856,3401.5346833333338
10857,2820.160589900839
10858,3654.940980952381
10859,12997.831504365078
10860,3018.9779312730125
10861,13000.676855555555
10862,13010.264171031748
10863,2981.792515358365
10864,3137.0372045805543
10865,3003.2195918735165
10866,12996.200504365079
10867,3409.6256833333337
10868,3470.4226809523807
10869,3465.586680952381
10870,11599.79666208236
10871,3175.656867030239
10872,3195.035699580615
10873,3008.247064095739
10874,2808.643174885555
10875,4392.09191118326
10876,11443.476577777777
10877,2929.7354398343273
10878,3582.823954593653
10879,3194.6894690476197
10880,3008.7749699108504
10881,2812.7164223970744
10882,11358.711311111114
10883,3375.879333403078
10884,14310.455738564215
10885,2910.949175242962
10886,11603.371662082362
10887,3424.908588095238
10888,3226.3218396799675
10889,2804.3485278866087
10890,4609.616154761905
10891,13482.007039285714
10892,4701.054614570518
10893,2947.1496176051564
10894,13482.007039285714
10895,11422.031827777777
10896,13060.429688888891
10897,3261.709892066214
10898,2975.380125612001
10899,3454.932680952381
10900,13019.750461616164
10901,3197.9979527654104
10902,2735.074179180076
10903,3237.0593822696737
10904,2927.3858786918886
10905,3140.2155534188046
10906,2970.389375612001
10907,3659.784987948076
10908,3675.972769047619
10909,3113.6730064111116
10910,3234.2857935723073
10911,2895.60182724712
10912,3198.854471009187
10913,3398.6260833333336
10914,2715.0982765391987
10915,13775.797639860139
10916,3634.2603930274413
10917,11833.27489086136
10918,14975.02541172439
10919,13010.01450436508
10920,2882.994828728628
10921,13006.428461616164
10922,11529.04512874903
10923,3451.6364000000003
10924,2947.3468516673156
10925,3582.823954593653
10926,3409.6256833333337
10927,11596.637645415696
10928,13436.674057142856
10929,3454.3986015873015
10930,2975.4152827448297
10931,3387.4564129908103
10932,3117.6502449732034
10933,3113.118698718804
10934,2929.7354398343273
10935,3237.0593822696737
10936,3634.142944993895
10937,3643.6609642857147
10938,2948.9452176051564
10939,13007.375461616164
10940,3928.5959500000004
10941,4612.264154761905
10942,12998.750855555554
10943,3117.9917564111115
10944,3577.4400563252543
10945,3930.94745
10946,11608.344328749028
10947,11357.636311111113
10948,3678.8025809523806
10949,3014.6844941171994
10950,11357.636311111113
10951,2947.3468516673156
10952,3678.2433142857144
10953,2709.4052765391984
10954,4632.808003334093
10955,12997.147504365079
10956,3263.1488920662136
10957,3388.8856092176143
10958,3226.3218396799675
10959,3221.825844736842
10960,13062.788313888886
10961,13009.900171031746
10962,3929.2261642857143
10963,11599.79666208236
10964,3486.5401652800097
10965,3678.8025809523806
10966,3153.3435042743595
10967,3238.2846602389736
10968,3204.694720085471
10969,3511.9546500000006
10970,3572.8542146187156
10971,3399.3056083333336
10972,4615.921903334093
10973,11424.790361111112
10974,12998.750855555554
10975,3229.4848811130396
10976,11443.476577777777
10977,2976.807100406942
10978,13001.040855555555
10979,11599.79666208236
10980,3646.926114932203
10981,2897.129991462854
10982,4416.750965151515
10983,13482.007039285714
10984,3405.3659
10985,11596.637645415696
10986,2984.990869680438
10987,3462.7396809523807
10988,3634.2603930274413
10989,13010.264171031748
10990,3006.2453097420507
10991,4603.418071428571
10992,13987.024238564214
10993,14055.510238564213
10994,3950.4972765873017
10995,11599.79666208236
10996,13010.264171031748
10997,13462.43151547619
10998,3486.5401652800097
10999,3004.8722784289193
11000,3486.5401652800097
11001,13015.206188888891
11002,11357.636311111113
11003,3457.7796809523807
11004,13010.264171031748
11005,2794.9952972547203
11006,12996.200504365079
11007,13015.160736507936
11008,3894.22475
11009,3464.094864285714
11010,13818.088
11011,2893.748623930386
11012,3235.703249762783
11013,13635.04
11014,3612.032
11015,3197.6739662472814
11016,11419.992361111112
11017,3934.8390142857143
11018,11371.657311111114
11019,12996.564504365078
11020,2929.7354398343273
11021,3933.93145
11022,12985.272972222225
11023,3261.709892066214
11024,3225.857186668595
11025,13001.040855555555
11026,2895.555081732005
11027,3470.907488095238
11028,2948.068312888905
11029,11603.047662082361
11030,3235.836061027569
11031,3482.2057902800098
11032,4620.133583333333
11033,3274.66954066246
11034,3870.47375
11035,3482.2057902800098
11036,2763.883724814794
11037,3493.4699152800094
11038,13003.769961616163
11039,12984.908972222223
11040,3419.2242380952384
11041,4381.542915728715
11042,3416.3723334030774
11043,11596.637645415696
11044,3651.4341149322026
11045,2972.7162931361427
11046,3374.3813999999998
11047,2966.6495431361427
11048,2796.6044415522215
11049,2879.3947228385377
11050,3678.7023142857142
11051,12857.556988492062
11052,3665.0598309523807
11053,3274.763407329127
11054,11419.992361111112
11055,13001.040855555555
11056,3179.054867030239
11057,3016.1375748821742
11058,3580.4250563252544
11059,15112.895598412699
11060,3634.2603930274413
11061,3470.907488095238
11062,11521.241861111112
11063,2929.7354398343273
11064,13076.874563888887
11065,2910.605575242962
11066,2730.918919525552
11067,4617.510643810283
11068,3118.409448718804
11069,11357.636311111113
11070,3195.035699580615
11071,3407.3446833333337
11072,3486.5401652800097
11073,3652.9813142857142
11074,2727.811279180076
11075,12996.564504365078
11076,3680.2839809523807
11077,13010.264171031748
11078,11585.04862874903
11079,2947.1496176051564
11080,11419.992361111112
11081,3671.665080952381
11082,13482.007039285714
11083,3173.729937120237
11084,3680.2839809523807
11085,3261.1578920662137
11086,11599.79666208236
11087,12989.827961616162
11088,11357.636311111113
11089,11363.079311111112
11090,3409.6256833333337
11091,3006.4997450595115
11092,13076.874563888887
11093,13010.264171031748
11094,13460.39451547619
11095,4323.886855122655
11096,3121.817637913888
11097,11422.031827777777
11098,11433.424361111112
11099,3236.812660238974
11100,11599.79666208236
11101,2881.102528424157
11102,3198.854471009187
11103,13491.30651547619
11104,2952.3907089453346
11105,3152.4635534188046
11106,11363.079311111112
11107,3674.393080952381
11108,2806.737694553275
11109,13062.788313888886
11110,3684.632461823387
11111,3681.5575142857138
11112,3654.940980952381
11113,2794.542774885555
11114,3126.38428022158
11115,13006.792461616164
11116,3591.3283831650815
11117,3488.5981943609027
11118,2910.605575242962
11119,12980.175233333332
11120,3189.8561138765217
11121,2808.999130550579
11122,3142.3712309523808
11123,11596.637645415696
11124,11531.16912874903
11125,11419.992361111112
11126,12641.662066666664
11127,3168.9154586477634
11128,3261.1578920662137
11129,3186.7993670302394
11130,11363.079311111112
11131,3244.9221300751883
11132,11601.864645415695
11133,3138.205995626798
11134,3119.758244973203
11135,11608.344328749028
11136,3935.8100499999996
11137,3244.1738108411023
11138,12574.791876370853
11139,11596.637645415696
11140,12996.564504365078
11141,13403.447057142856
11142,3131.837182052137
11143,12833.760886219336
11144,3572.2052146187157
11145,2796.6044415522215
11146,3214.843047779707
11147,3232.813793572307
11148,13010.264171031748
11149,5087.8155
11150,3228.3948396799674
11151,3678.2433142857144
11152,13006.81338531746
11153,12997.147504365079
11154,11443.476577777777
11155,11422.031827777777
11156,2969.5445431361427
11157,12062.41897161537
11158,4624.8265833333335
11159,3486.5401652800097
11160,3959.78695
11161,3176.5408638765216
11162,4624.381083333333
11163,3470.4226809523807
11164,13006.792461616164
11165,3584.1693182300164
11166,3629.932839766351
11167,2951.1354589453344
11168,11536.39612874903
11169,12859.278988492062
11170,2795.3673748855545
11171,3494.8721333333333
11172,12998.750855555554
11173,11940.208855181254
11174,3122.3327042743595
11175,3124.093059891626
11176,3596.779206778393
11177,3465.586680952381
11178,12996.200504365079
11179,12998.750855555554
11180,3657.0260142857137
11181,3470.4226809523807
11182,3514.4082166666667
11183,12996.200504365079
11184,3197.6739662472814
11185,11596.637645415696
11186,3280.8159692338886
11187,2998.6279494936744
11188,13021.253022222223
11189,11443.476577777777
11190,3019.252196707572
11191,3699.05245
11192,13062.788313888886
11193,11419.992361111112
11194,3179.054867030239
11195,3143.1260194363217
11196,2803.816194553275
11197,2971.8565431361426
11198,3195.3709662472816
11199,11422.031827777777
11200,3577.4400563252543
11201,3394.3789129908105
11202,3406.1131083333335
11203,3024.291237329865
11204,3640.923373565324
11205,3194.3866995806147
11206,3113.121698718804
11207,11422.031827777777
11208,11419.992361111112
11209,13006.792461616164
11210,2798.3910415522214
11211,3931.1279142857143
11212,3929.2261642857143
11213,3244.1738108411023
11214,11599.79666208236
11215,3473.156488095238
11216,3392.2986833333334
11217,3412.6142333333332
11218,12996.200504365079
11219,13012.887105555556
11220,2709.6952765391984
11221,12049.47148694916
11222,2947.1496176051564
11223,3135.501382467532
11224,3024.291237329865
11225,11600.368907777776
11226,3649.137314285714
11227,3654.940980952381
11228,3117.647244973203
11229,2991.751008945334
11230,3234.934793572307
11231,3140.7035534188044
11232,11870.51048396913
11233,2804.701527886609
11234,11457.497577777776
11235,12985.272972222225
11236,3572.8542146187156
11237,3237.0593822696737
11238,3674.003230952381
11239,3411.980333403078
11240,3235.7733822696737
11241,11599.79666208236
11242,3232.6732497627827
11243,3580.0880563252545
11244,3631.670944993895
11245,3263.1488920662136
11246,3195.035699580615
11247,4416.750965151515
11248,12996.564504365078
11249,11529.04512874903
11250,3674.003230952381
11251,2794.189774885555
11252,2929.7354398343273
11253,11596.637645415696
11254,3477.1844989427236
11255,13486.838122619047
11256,2947.1496176051564
11257,3405.2027333333335
11258,11419.992361111112
11259,4630.295322381711
11260,2929.7354398343273
11261,3263.1488920662136
11262,3982.8794166666667
11263,2947.1496176051564
11264,11599.79666208236
11265,3171.7474618014803
11266,13486.757122619047
11267,3470.907488095238
11268,3109.04336538547
11269,3651.5615593766474
11270,3222.89503148898
11271,11436.052827777778
11272,2929.7354398343273
11273,3493.4699152800094
11274,3572.8542146187156
11275,3580.4250563252544
11276,3234.9411164294497
11277,12584.606497116773
11278,2999.69457520685
11279,3493.4699152800094
11280,11531.16912874903
11281,13482.007039285714
11282,3474.0056083333334
11283,13007.375461616164
11284,2806.8146945532753
11285,2984.990869680438
11286,2948.4567089453344
11287,4617.510643810283
11288,11363.079311111112
11289,12985.272972222225
11290,13015.177105555555
11291,3125.4420376076932
11292,3232.6732497627827
11293,13009.900171031746
11294,3236.812660238974
11295,13062.788313888886
11296,11840.078481588178
11297,11605.023662082362
11298,3228.3948396799674
11299,3572.8542146187156
11300,12992.172772222222
11301,4992.538166666667
11302,4630.295322381711
11303,3424.6004000000003
11304,3238.946061027569
11305,13718.835889860138
11306,11599.79666208236
11307,2955.0704540562565
11308,11529.04512874903
11309,13019.750461616164
11310,11615.165662082361
11311,3649.137314285714
11312,3024.085237329865
11313,13007.90850436508
11314,3652.459514285714
11315,13076.924563888886
11316,11611.12032874903
11317,3164.5952666666667
11318,3636.908393027441
11319,12581.339911219338
11320,11422.031827777777
11321,3675.4894357142853
11322,11419.992361111112
11323,3473.156488095238
11324,2727.5773092978066
11325,13064.055313888886
11326,11422.031827777777
11327,3167.893749134199
11328,3239.0503822696737
11329,11615.014662082362
11330,3228.3128396799675
11331,2737.3826812214593
11332,3937.8900666666664
11333,13484.044039285714
11334,4590.719170000761
11335,2978.526077155345
11336,13075.39700436508
11337,3193.749699580615
11338,13486.757122619047
11339,11608.344328749028
11340,11974.361788514585
11341,4612.264154761905
11342,4646.7266533340935
11343,2995.319551998042
11344,3140.664230952381
11345,13062.788313888886
11346,2902.5748581295206
11347,12062.41897161537
11348,12998.386855555555
11349,3231.3674570593153
11350,13010.264171031748
11351,3236.812660238974
11352,2957.3814589453345
11353,4603.370461667427
11354,11419.992361111112
11355,2974.4132629565265
11356,3464.2332491718435
11357,13062.788313888886
11358,3234.687793572307
11359,2902.2537988454465
11360,2976.3899131775042
11361,11422.031827777777
11362,11985.214477425354
11363,2775.880968800145
11364,11419.992361111112
11365,11534.74412874903
11366,14397.585
11367,3636.515944993895
11368,3234.934793572307
11369,13010.01450436508
11370,11435.336361111113
11371,3681.5485809523807
11372,11419.992361111112
11373,3174.4628638765216
11374,3273.65954066246
11375,13062.280961616163
11376,11357.636311111113
11377,3932.956
11378,3394.3789129908105
11379,3170.952613876522
11380,3235.8131399749373
11381,3193.749699580615
11382,3132.432745626798
11383,2810.785730550579
11384,2945.419311023848
11385,3721.8254500000003
11386,12998.750855555554
11387,2715.4908478881257
11388,3632.699944993895
11389,12997.356972222224
11390,3486.5401652800097
11391,3117.440448718804
11392,3642.48382159887
11393,2891.75644559451
11394,3430.5650666666666
11395,3134.3318206142285
11396,3624.8702142857146
11397,3271.9268793529363
11398,13021.253022222223
11399,11599.79666208236
11400,3220.919270001929
11401,11363.079311111112
11402,11425.975827777776
11403,3228.678506346634
11404,3198.6106866685955
11405,3226.3218396799675
11406,11599.79666208236
11407,3929.2261642857143
11408,3493.632714285714
11409,3229.4988811130397
11410,3145.4260491341984
11411,3580.6903182300166
11412,3261.1578920662137
11413,3213.8492814889796
11414,2709.967276539199
11415,11421.067361111112
11416,3910.2928809523805
11417,3482.2057902800098
11418,4630.295322381711
11419,3233.462793572307
11420,2948.068312888905
11421,12989.827961616162
11422,3237.0593822696737
11423,3419.2422380952385
11424,3930.94745
11425,2728.8386456832236
11426,2981.092076549951
11427,13010.264171031748
11428,3669.32694978355
11429,12192.835849411147
11430,12986.539972222225
11431,13688.596
11432,11419.992361111112
11433,11596.637645415696
11434,15102.184319841272
11435,2902.0651668238656
11436,13788.919
11437,3688.2868309523806
11438,3476.0071880952382
11439,3664.401830952381
11440,2951.8297089453345
11441,11364.154311111113
11442,4619.642083333333
11443,3130.939583862092
11444,11363.951311111114
11445,11422.031827777777
11446,3463.8897059523806
11447,3203.240720085471
11448,3398.6260833333336
11449,15336.832609126985
11450,3632.699944993895
11451,14064.255238564214
11452,3225.0358396799675
11453,3847.087564285714
11454,14176.903481962483
11455,3397.1063925509475
11456,11599.79666208236
11457,12996.200504365079
11458,11424.790361111112
11459,3418.944579657477
11460,3465.586680952381
11461,3261.1578920662137
11462,11437.560361111113
11463,11422.031827777777
11464,3588.913746801445
11465,2739.240836640114
11466,12998.479961616162
11467,13092.66468888889
11468,2974.0922827448294
11469,3261.1578920662137
11470,11419.992361111112
11471,3495.6480476190477
11472,3221.6576866685955
11473,3011.864154757861
11474,3591.0473831650816
11475,3897.0054642857144
11476,12207.049625601623
11477,2836.093749492365
11478,13477.253182142858
11479,3259.8718920662136
11480,14991.734397294375
11481,3135.4202932249596
11482,2929.7354398343273
11483,11419.992361111112
11484,4667.481915364167
11485,4979.7582
11486,13716.088889860139
11487,3454.552350037645
11488,3115.3001153854702
11489,3238.2846602389736
11490,11531.16912874903
11491,3421.9923796574767
11492,12985.272972222225
11493,2973.9662629565264
11494,12999.098972222224
11495,6153.071999999998
11496,11599.79666208236
11497,3467.9116083333333
11498,12584.606497116773
11499,12480.565143911641
11500,2829.5635899008394
11501,12989.827961616162
11502,2785.6295695289787
11503,3151.410220085471
11504,2902.0651668238656
11505,3585.025954593653
11506,3113.118698718804
11507,3703.6882
11508,2959.8187311675565
11509,2955.0704540562565
11510,3271.9268793529363
11511,3623.7230782252427
11512,3117.8638518725215
11513,13010.264171031748
11514,3405.6574
11515,12999.098972222224
11516,13714.159889860139
11517,2980.8856240885234
11518,13023.416421031747
11519,3672.4215642857143
11520,11422.031827777777
11521,11506.808077777778
11522,11422.031827777777
11523,11605.023662082362
11524,2949.806812888905
11525,3672.4215642857143
11526,3693.0570976190475
11527,11599.79666208236
11528,2929.7354398343273
11529,11421.067361111112
11530,12192.835849411147
11531,13460.39451547619
11532,2956.8204589453344
11533,11599.79666208236
11534,12998.750855555554
11535,3215.5334570593154
11536,3164.2374644463735
11537,13010.01450436508
11538,3018.2005888432136
11539,4981.754166666667
11540,3375.879333403078
11541,3276.124969233889
11542,3584.1693182300164
11543,13774.073973193472
11544,11602.57266208236
11545,11833.27489086136
11546,2723.7065704695483
11547,4382.836320707071
11548,11599.79666208236
11549,3577.4400563252543
11550,3177.3062975366524
11551,13472.696372619046
11552,12646.986566666666
11553,12642.648899999998
11554,11419.992361111112
11555,3271.9268793529363
11556,3637.739393027441
11557,3646.926114932203
11558,11419.992361111112
11559,3279.697222210079
11560,3651.5615593766474
11561,13007.90850436508
11562,2970.0738740885236
11563,3239.0503822696737
11564,2728.5726456832235
11565,3228.678506346634
11566,3678.8025809523806
11567,3015.1185748821745
11568,13010.264171031748
11569,2970.6707931361425
11570,3486.5401652800097
11571,11533.94512874903
11572,3419.559538095238
11573,3672.4215642857143
11574,11449.791577777776
11575,12997.831504365078
11576,3472.983680952381
11577,11599.79666208236
11578,13076.924563888886
11579,13062.136337698414
11580,3936.2246666666665
11581,2955.0704540562565
11582,2838.7931671983824
11583,12999.098972222224
11584,2984.990869680438
11585,2733.178384511481
11586,3930.1349142857143
11587,3003.4418950272343
11588,3692.4399500000004
11589,11611.12032874903
11590,3654.940980952381
11591,3193.7314527654103
11592,13414.153348088023
11593,4590.719170000761
11594,12996.200504365079
11595,3451.9500796574766
11596,11357.636311111113
11597,11377.100311111113
11598,3271.63954066246
11599,3134.033430547433
11600,13007.90850436508
11601,11422.031827777777
11602,13010.01450436508
11603,13445.413039285713
11604,11422.031827777777
11605,3587.0522146187154
11606,3661.2158309523807
11607,3671.665080952381
11608,3220.966436668595
11609,2944.728834240495
11610,2819.162589900839
11611,13491.30651547619
11612,13012.347736507936
11613,3182.85370276541
11614,3119.1434067379087
11615,11422.322077777777
11616,3171.4294618014806
11617,14311.374
11618,2948.9452176051564
11619,3118.409448718804
11620,11632.37241208236
11621,2704.5848759320193
11622,3374.8487682539685
11623,13818.088
11624,11599.79666208236
11625,2928.096131375396
11626,3232.6732497627827
11627,3175.845064446373
11628,2705.8282092653526
11629,3359.4609833333334
11630,3657.166647619047
11631,2956.8204589453344
11632,11357.636311111113
11633,3898.46375
11634,2952.1856962222378
11635,12063.076494092018
11636,2729.9061230024195
11637,3900.6551729813664
11638,13059.291355555555
11639,3152.4000200019286
11640,3665.0598309523807
11641,3194.1098710091865
11642,3112.152698718804
11643,11422.031827777777
11644,2965.3087689051104
11645,3275.5944073291266
11646,11363.079311111112
11647,11611.12032874903
11648,3202.540828571429
11649,3233.462793572307
11650,3239.1323822696736
11651,12985.272972222225
11652,2728.3059513338485
11653,3476.0071880952382
11654,3236.475660238974
11655,3668.245830952381
11656,2944.6738342404947
11657,3011.2678393552947
11658,3273.65954066246
11659,11599.79666208236
11660,3194.3866995806147
11661,3591.2483443609026
11662,3682.420647619047
11663,4609.616154761905
11664,3654.940980952381
11665,2832.0937641400737
11666,3470.907488095238
11667,3438.1890309523806
11668,11608.344328749028
11669,4674.124833333334
11670,12210.26581624019
11671,11422.031827777777
11672,3469.2892476190473
11673,3454.4682943609027
11674,3704.0882
11675,3146.969504274359
11676,3719.1469500000003
11677,11878.443567302464
11678,3238.61964893634
11679,3649.137314285714
11680,3225.265411108539
11681,11596.637645415696
11682,11419.992361111112
11683,3633.2313930274413
11684,13010.01450436508
11685,3119.2635042743595
11686,13013.289961616163
11687,2778.504992609669
11688,3178.0494213450297
11689,3126.953432052137
11690,3121.9820598916262
11691,13889.451
11692,4604.551916666667
11693,3416.3723334030774
11694,3133.0634067379087
11695,13010.264171031748
11696,3576.6702146187154
11697,2909.6939085762956
11698,11624.121728749029
11699,11596.637645415696
11700,3206.919970085471
11701,3642.48382159887
11702,11599.79666208236
11703,2947.1496176051564
11704,11433.424361111112
11705,2809.1205278866087
11706,13080.574337698414
11707,13006.428461616164
11708,3468.1929309523807
11709,3649.137314285714
11710,12997.831504365078
11711,2929.7354398343273
11712,3409.6256833333337
11713,3688.2868309523806
11714,11529.04512874903
11715,4604.551916666667
11716,2723.2375704695482
11717,2752.3328088623366
11718,13062.788313888886
11719,4412.1838437229435
11720,4590.719170000761
11721,17156.629942424242
11722,2929.7354398343273
11723,3486.5401652800097
11724,3577.749
11725,2966.7367931361428
11726,3429.608230952381
11727,13006.792461616164
11728,3197.026699580615
11729,3129.6050598916263
11730,12985.272972222225
11731,11443.476577777777
11732,4609.926916666667
11733,2793.580774885555
11734,3472.983680952381
11735,13006.43338531746
11736,4630.431904761905
11737,3183.4063670302394
11738,11613.802912082361
11739,3647.955114932203
11740,11443.476577777777
11741,13775.797639860139
11742,3141.3165642857143
11743,3144.647308326155
11744,13023.416421031747
11745,2891.75644559451
11746,11357.636311111113
11747,2795.7233305505792
11748,11602.57266208236
11749,11833.27489086136
11750,4394.771077849928
11751,3207.757620001929
11752,2794.9952972547203
11753,3426.890182142857
11754,13482.007039285714
11755,3403.907048106503
11756,3394.8656833333334
11757,2718.097779180076
11758,3386.5864129908105
11759,3577.4400563252543
11760,13062.280961616163
11761,3672.4215642857143
11762,2893.7787122611767
11763,12986.822972222224
11764,12999.098972222224
11765,3585.575954593653
11766,12576.984762268286
11767,11443.476577777777
11768,3140.195230952381
11769,3166.8292666666666
11770,11599.79666208236
11771,11596.637645415696
11772,14954.991580772008
11773,13081.402337698413
11774,13460.39451547619
11775,3391.2836092176144
11776,3672.4215642857143
11777,11596.637645415696
11778,3676.5265690476185
11779,11419.992361111112
11780,3013.309439147003
11781,3577.4400563252543
11782,3157.8614874425066
11783,2793.88529725472
11784,2726.6390805796023
11785,3686.69745
11786,11530.34812874903
11787,12985.272972222225
11788,13153.874188888889
11789,2899.856591462854
11790,2948.9452176051564
11791,3113.839370941026
11792,3203.5014366685955
11793,2929.007131375396
11794,3234.934793572307
11795,2991.8981994936744
11796,2993.662301225276
11797,3240.2196783342115
11798,3387.28141299081
11799,11605.023662082362
11800,3405.6574
11801,13477.439182142858
11802,3152.3949182504152
11803,3429.61032213868
11804,11433.424361111112
11805,13020.618461616164
11806,11357.636311111113
11807,3678.2433142857144
11808,3273.65954066246
11809,12996.564504365078
11810,11419.992361111112
11811,3235.703249762783
11812,4701.054614570518
11813,3189.6199541091732
11814,13486.838122619047
11815,13010.264171031748
11816,12996.564504365078
11817,4401.207077849927
11818,3472.983680952381
11819,11613.802912082361
11820,2797.108463921387
11821,11529.04512874903
11822,3634.142944993895
11823,3729.5644500000003
11824,12996.200504365079
11825,3022.3507809806583
11826,11612.30366208236
11827,11422.689361111112
11828,2999.3167244853494
11829,2929.7354398343273
11830,2702.8128562470606
11831,2947.1496176051564
11832,2948.9452176051564
11833,3470.127738095238
11834,4630.295322381711
11835,3490.572714285714
11836,3019.4039312730124
11837,11531.16912874903
11838,3430.070079657477
11839,4730.332688596492
11840,13007.90850436508
11841,3238.0467935723073
11842,3123.8885598916263
11843,13140.448147222221
11844,3659.068987948076
11845,11596.637645415696
11846,2961.44711450089
11847,3674.411080952381
11848,3665.0598309523807
11849,13062.788313888886
11850,2796.80679725472
11851,2955.0704540562565
11852,13771.12163986014
11853,4604.551916666667
11854,3482.2057902800098
11855,11443.476577777777
11856,3486.5401652800097
11857,3004.6305352954655
11858,13012.887105555556
11859,3414.2372309523807
11860,3137.4508067379093
11861,3405.3659
11862,11529.04512874903
11863,3584.6299545936527
11864,11363.079311111112
11865,4646.7266533340935
11866,2896.2319265468914
11867,11422.031827777777
11868,13445.413039285713
11869,11422.031827777777
11870,13062.788313888886
11871,11357.636311111113
11872,3020.103841873516
11873,3581.8753831650815
11874,3232.6732497627827
11875,12997.356972222224
11876,3636.515944993895
11877,13009.900171031746
11878,2997.2290089453336
11879,3462.7396809523807
11880,3170.952613876522
11881,3417.9915880952376
11882,13006.792461616164
11883,3124.4311567379086
11884,11529.04512874903
11885,3237.0593822696737
11886,3470.907488095238
11887,12081.209478758228
11888,3674.879047619047
11889,4603.370461667427
11890,3140.6325824675323
11891,3649.3981149322026
11892,3278.9584048125453
11893,3534.307947656691
11894,13080.574337698414
11895,11422.031827777777
11896,3001.233895027234
11897,3273.65954066246
11898,11422.031827777777
11899,3448.993177694236
11900,3413.0952349206345
11901,3486.5401652800097
11902,3392.4724129908104
11903,11599.79666208236
11904,3486.5401652800097
11905,3175.840937120237
11906,3417.257938095238
11907,3151.9138648223134
11908,17534.119566666668
11909,3480.9683322760566
11910,3232.426249762783
11911,3243.2835665831244
11912,3261.1578920662137
11913,4398.207327849927
11914,14955.265966486293
11915,3965.204104084408
11916,3634.2603930274413
11917,3417.257938095238
11918,3932.6462
11919,3148.4111153854706
11920,3233.462793572307
11921,3704.6292000000003
11922,3227.5590777752054
11923,11419.992361111112
11924,12996.200504365079
11925,12989.827961616162
11926,11611.12032874903
11927,3416.9105380952383
11928,11599.79666208236
11929,3151.163251583748
11930,3124.8444949732034
11931,13540.11851547619
11932,2895.3677122611766
11933,2948.9452176051564
11934,3934.7539166666666
11935,2714.442498761421
11936,13491.30651547619
11937,3219.2414366685953
11938,3704.6292000000003
11939,3235.7733822696737
11940,11811.078550635795
11941,11599.79666208236
11942,2720.840779180076
11943,3482.2057902800098
11944,13008.059461616163
11945,2880.8965284241567
11946,11599.79666208236
11947,3389.141333403078
11948,2725.6670488044765
11949,11599.79666208236
11950,2965.750602238443
11951,11612.30366208236
11952,3244.9221300751883
11953,3661.2158309523807
11954,13460.39451547619
11955,3493.4699152800094
11956,4626.946272381711
11957,17238.89286666667
11958,11599.79666208236
11959,13062.788313888886
11960,3457.7796809523807
11961,3179.8377704535706
11962,3419.2422380952385
11963,3233.215793572307
11964,3234.934793572307
11965,11419.992361111112
11966,3493.4699152800094
11967,11363.079311111112
11968,3634.142944993895
11969,11863.68189324231
11970,4639.434238095238
11971,13436.674057142856
11972,11596.637645415696
11973,3679.660733333333
11974,3671.665080952381
11975,3635.703393027441
11976,12996.200504365079
11977,11444.551577777776
11978,2883.392828728628
11979,3273.65954066246
11980,13010.01450436508
11981,3159.6910241991714
11982,2882.809428728628
11983,12984.908972222223
11984,3649.816559376647
11985,3233.215793572307
11986,2947.1496176051564
11987,13010.264171031748
11988,4619.642083333333
11989,13491.30651547619
11990,13063.547961616163
11991,13006.792461616164
11992,3651.5615593766474
11993,2899.9535914628536
11994,4612.264154761905
11995,3227.1197733082704
11996,11630.683578749029
11997,11419.992361111112
11998,2986.183596310746
11999,3259.8718920662136
12000,3170.878154109173
12001,3488.342466666667
12002,13001.040855555555
12003,3656.1785435036313
12004,11599.79666208236
12005,13053.565337698414
12006,11363.079311111112
12007,13775.797639860139
12008,11608.344328749028
12009,2728.5646456832233
12010,3130.9365838620924
12011,2808.530319586411
12012,13872.102
12013,2973.9662629565264
12014,2710.4144985521925
12015,11608.344328749028
12016,3917.1296
12017,3136.4251400712424
12018,2726.8001230024192
12019,14176.903481962483
12020,3232.980139974937
12021,3381.0041744287187
12022,3685.658128490054
12023,12984.908972222223
12024,3276.77154066246
12025,12655.216633333333
12026,11437.117361111112
12027,3457.490691666667
12028,2988.608862888904
12029,13081.402337698413
12030,3654.940980952381
12031,3172.6801285714287
12032,3180.9513638765216
12033,3234.1101164294496
12034,3478.256188095238
12035,15394.968755555556
12036,3671.665080952381
12037,3137.0372045805543
12038,3122.5246567379086
12039,11443.476577777777
12040,11608.344328749028
12041,4603.370461667427
12042,3681.5485809523807
12043,11599.79666208236
12044,13501.19751547619
12045,3242.4812221437355
12046,3210.927113784461
12047,14064.255238564214
12048,2980.161543136143
12049,2895.446081732005
12050,2970.770336418933
12051,13434.892057142855
12052,3178.9266613715668
12053,2929.7354398343273
12054,3239.3092203649117
12055,3647.955114932203
12056,2978.7302574814466
12057,11435.336361111113
12058,2947.1496176051564
12059,3930.9476666666665
12060,4382.836320707071
12061,3470.907488095238
12062,12985.272972222225
12063,11424.790361111112
12064,3403.0026554720134
12065,3206.6059700854707
12066,12985.272972222225
12067,11531.16912874903
12068,11357.636311111113
12069,11536.39612874903
12070,2993.9485519980417
12071,14055.510238564213
12072,13647.448223193473
12073,2929.7354398343273
12074,11357.636311111113
12075,13010.264171031748
12076,3236.574793572307
12077,11599.79666208236
12078,3393.4141554720136
12079,3196.2019662472817
12080,3002.037221715897
12081,13010.264171031748
12082,13010.847171031746
12083,2800.2167748855545
12084,3482.622714285714
12085,11437.117361111112
12086,3347.749
12087,3175.656867030239
12088,3237.0593822696737
12089,3678.2433142857144
12090,3653.086559376647
12091,3913.5556
12092,12868.0438
12093,11443.476577777777
12094,3236.475660238974
12095,3599.847954593653
12096,12984.908972222223
12097,3474.7837547619047
12098,13061.916961616162
12099,3580.4250563252544
12100,11613.571328749029
12101,11601.864645415695
12102,2951.104666424258
12103,3263.1488920662136
12104,2892.622481732005
12105,11599.79666208236
12106,13001.456233333332
12107,4644.036296316549
12108,13007.33638531746
12109,13472.696372619046
12110,3929.2261642857143
12111,11599.79666208236
12112,4323.886855122655
12113,3176.976867030239
12114,13486.757122619047
12115,3195.035699580615
12116,2879.4902287286277
12117,3902.8856666666666
12118,3574.2972146187153
12119,13482.007039285714
12120,3497.116466666667
12121,3163.438150955456
12122,3175.636437120237
12123,3649.3981149322026
12124,4603.418071428571
12125,13010.264171031748
12126,3470.4226809523807
12127,11421.067361111112
12128,11531.82112874903
12129,13007.33638531746
12130,4321.268471789322
12131,3233.4075665831247
12132,11531.16912874903
12133,3209.3473207046654
12134,3426.73732213868
12135,4981.754166666667
12136,13010.264171031748
12137,3544.945158695652
12138,12989.827961616162
12139,3504.5476943609024
12140,4611.551071428571
12141,5008.2232
12142,11371.657311111114
12143,2726.808123002419
12144,3497.116466666667
12145,3577.4400563252543
12146,2722.5556311220776
12147,17238.89286666667
12148,2954.983375612001
12149,3237.0593822696737
12150,3237.0593822696737
12151,3187.3851138765217
12152,3263.230892066214
12153,11419.992361111112
12154,3192.4399527654105
12155,11419.992361111112
12156,2795.9972305505794
12157,3653.322647619047
12158,13010.264171031748
12159,2775.880968800145
12160,13001.040855555555
12161,3237.0593822696737
12162,3653.322647619047
12163,3653.322647619047
12164,13019.750461616164
12165,11357.636311111113
12166,2721.3446311220773
12167,3491.2736015873015
12168,3712.9792
12169,13775.797639860139
12170,4630.431904761905
12171,3419.559538095238
12172,3470.4226809523807
12173,11599.79666208236
12174,13482.007039285714
12175,2807.9061702331187
12176,3196.2019662472817
12177,11599.79666208236
12178,13006.792461616164
12179,11936.029936133633
12180,3956.2409500000003
12181,11457.497577777776
12182,13075.39700436508
12183,2955.0704540562565
12184,11582.92462874903
12185,13445.413039285713
12186,3175.253863876522
12187,3475.314664713512
12188,2867.5457368625316
12189,3275.278317448174
12190,3184.531867030239
12191,3585.6634848966833
12192,11636.37841208236
12193,3464.5888309523807
12194,3651.5615593766474
12195,3133.21158370115
12196,3240.2616783342114
12197,11531.16912874903
12198,2803.816194553275
12199,3580.0413182300167
12200,3681.025514285714
12201,13745.476
12202,13484.044039285714
12203,3130.0021567379085
12204,13062.788313888886
12205,11433.424361111112
12206,11600.086662082362
12207,3225.8711866685953
12208,3008.876516945666
12209,2951.320812888905
12210,2998.2402417168223
12211,2973.2859689051097
12212,11599.79666208236
12213,4617.510643810283
12214,3635.684944993895
12215,2971.618223955616
12216,12192.835849411147
12217,3132.432745626798
12218,3116.745841659489
12219,2981.3777629565266
12220,3197.108699580615
12221,3235.0036602389737
12222,3235.4931364294494
12223,2946.0973110238483
12224,4630.549629649883
12225,2984.990869680438
12226,3420.1426776942358
12227,3576.6702146187154
12228,3558.3557420289853
12229,12999.098972222224
12230,3946.0860699206355
12231,2807.0936502182994
12232,13001.040855555555
12233,13613.028
12234,3454.3986015873015
12235,2798.644830550579
12236,4382.836320707071
12237,13897.02
12238,3220.294621345029
12239,3195.035699580615
12240,3129.9705838620926
12241,11878.443567302464
12242,2797.4897748855547
12243,3681.5485809523807
12244,3486.5401652800097
12245,13023.416421031747
12246,3259.8718920662136
12247,2900.86825812952
12248,13506.51326547619
12249,2929.7354398343273
12250,2806.7631945532753
12251,11602.57266208236
12252,2987.169578392845
12253,3691.4728309523807
12254,3221.14988111304
12255,3454.932680952381
12256,13810.268
12257,2895.555081732005
12258,11596.637645415696
12259,3134.0890734045756
12260,11419.992361111112
12261,2996.1752811675565
12262,11422.031827777777
12263,3470.907488095238
12264,11433.424361111112
12265,12996.200504365079
12266,3152.3949182504152
12267,3233.462793572307
12268,2947.1496176051564
12269,3916.9376
12270,12999.098972222224
12271,4636.017716666667
12272,3131.6578900712425
12273,12553.46444560162
12274,11615.014662082362
12275,2719.7839867770144
12276,12998.750855555554
12277,11444.551577777776
12278,2871.895691964826
12279,2944.6738342404947
12280,11443.476577777777
12281,13062.788313888886
12282,3418.8380666666662
12283,3634.224944993895
12284,11357.636311111113
12285,3653.8195593766472
12286,3134.3022802215796
12287,11531.82112874903
12288,2876.8344544280717
12289,3656.1785435036313
12290,11443.476577777777
12291,2935.832840064252
12292,3482.2057902800098
12293,3693.0570976190475
12294,4620.133583333333
12295,3637.245393027441
12296,3273.7577460196026
12297,3798.6365
12298,3129.534137913888
12299,3470.4226809523807
12300,11419.992361111112
12301,13714.159889860139
12302,11600.086662082362
12303,3118.2661493517967
12304,12998.750855555554
12305,13006.792461616164
12306,12984.908972222223
12307,3015.5961109724003
12308,4387.628332395382
12309,13156.77414722222
12310,3727.0194500000002
12311,2709.1812765391987
12312,3577.4400563252543
12313,4349.565490728716
12314,13450.665372619045
12315,13006.792461616164
12316,12049.47148694916
12317,2948.9452176051564
12318,3183.4063670302394
12319,12996.564504365078
12320,2909.6945752429624
12321,11357.636311111113
12322,2948.8902176051565
12323,3137.4563185391876
12324,3177.9854842887894
12325,4374.19616118326
12326,3486.5401652800097
12327,13010.264171031748
12328,11419.992361111112
12329,13062.280961616163
12330,11422.031827777777
12331,2819.396730550579
12332,3734.518961215539
12333,3173.6969371202367
12334,12997.356972222224
12335,11425.426361111113
12336,3656.1785435036313
12337,3654.940980952381
12338,3635.785393027441
12339,12595.354933333334
12340,3214.9916311130396
12341,3584.4737468014455
12342,11632.58541208236
12343,11422.031827777777
12344,11363.079311111112
12345,3174.4298638765217
12346,12985.272972222225
12347,13482.007039285714
12348,2907.6723085762956
12349,12998.750855555554
12350,12997.356972222224
12351,2951.374559580484
12352,13818.088
12353,11419.992361111112
12354,11599.79666208236
12355,13579.682
12356,2955.6273628889044
12357,2705.8282092653526
12358,12999.098972222224
12359,11608.344328749028
12360,3113.6365083261558
12361,2984.919690691365
12362,2943.8752089453346
12363,3263.1488920662136
12364,11443.476577777777
12365,3144.6898824675322
12366,11419.992361111112
12367,3011.896196707572
12368,13006.81338531746
12369,13077.090961616163
12370,3438.9211833709774
12371,3392.1774
12372,3236.899616583124
12373,3430.5650666666666
12374,14955.265966486293
12375,11602.57266208236
12376,13076.924563888886
12377,11599.79666208236
12378,3229.6482814889796
12379,13010.264171031748
12380,3414.0484000000006
12381,4216.526521588061
12382,3126.9593453000007
12383,3431.976579657477
12384,13062.424313888887
12385,3647.3753284900536
12386,3150.3375833333334
12387,3615.3223552631575
12388,13006.792461616164
12389,15502.520388888886
12390,3904.4642000000003
12391,2869.8727368625314
12392,3472.855714285714
12393,3233.215793572307
12394,2720.840779180076
12395,12590.799797116772
12396,11529.04512874903
12397,3465.586680952381
12398,3135.321430547433
12399,13010.264171031748
12400,3674.411080952381
12401,13459.842039285713
12402,3313.445310020381
12403,3109.04336538547
12404,3233.462793572307
12405,3486.5401652800097
12406,2777.5029926096695
12407,3678.8025809523806
12408,3472.395830952381
12409,2929.7354398343273
12410,13012.837105555554
12411,4515.757533333333
12412,2854.5480503581657
12413,4349.565490728716
12414,3027.0371967075716
12415,12996.564504365078
12416,14311.901
12417,3572.8542146187156
12418,3122.934994973203
12419,3238.8647804511284
12420,3675.990769047619
12421,2726.786132373711
12422,13445.413039285713
12423,3213.1351137844613
12424,2705.8282092653526
12425,2955.271731167557
12426,3582.075954593653
12427,3429.61032213868
12428,3493.4699152800094
12429,2744.657143335076
12430,11443.476577777777
12431,4624.8265833333335
12432,3423.6518796574765
12433,2798.1408748855542
12434,13010.264171031748
12435,4604.551916666667
12436,2895.157081732005
12437,3222.3452814889797
12438,2947.1496176051564
12439,2722.305179180076
12440,3225.0358396799675
12441,4349.565490728716
12442,3409.990230952381
12443,13062.788313888886
12444,3478.256188095238
12445,11419.992361111112
12446,3584.266954593653
12447,14956.556
12448,12996.200504365079
12449,12996.200504365079
12450,12996.200504365079
12451,2997.582466207807
12452,11599.79666208236
12453,2900.062591462854
12454,3114.3311153854706
12455,11599.79666208236
12456,3884.425875362319
12457,3462.7396809523807
12458,12857.556988492062
12459,3117.6502449732034
12460,11449.791577777776
12461,3678.7023142857142
12462,13062.788313888886
12463,2714.442498761421
12464,3655.763514285714
12465,13020.618461616164
12466,3951.666310033172
12467,13017.952461616163
12468,3274.9568793529365
12469,2829.5635899008394
12470,2970.770336418933
12471,6173.527999999998
12472,11608.344328749028
12473,3118.406448718804
12474,3186.4280241991714
12475,3393.4285
12476,3934.3416309523805
12477,13482.007039285714
12478,13020.618461616164
12479,3656.478987948076
12480,11419.992361111112
12481,12996.564504365078
12482,13062.424313888887
12483,3237.1652316675445
12484,3486.5401652800097
12485,13062.788313888886
12486,3377.343533403078
12487,3195.035699580615
12488,13488.090372619046
12489,3409.6256833333337
12490,11363.079311111112
12491,3195.035699580615
12492,3721.4712000000004
12493,3635.684944993895
12494,3721.9904500000002
12495,12985.272972222225
12496,11422.031827777777
12497,3234.934793572307
12498,3668.245830952381
12499,11529.04512874903
12500,3486.5401652800097
12501,4386.1270826118325
12502,13023.416421031747
12503,3486.5401652800097
12504,3478.256188095238
12505,13460.39451547619
12506,3936.2066666666665
12507,12999.098972222224
12508,2895.555081732005
12509,6231.111849999998
12510,2736.217042075925
12511,3519.262
12512,2896.923991462854
12513,13023.366421031747
12514,4099.536
12515,12996.564504365078
12516,11369.394311111113
12517,3932.3531642857142
12518,3392.2986833333334
12519,3653.004559376647
12520,2708.3284314875746
12521,13012.347736507936
12522,14064.255238564214
12523,3021.1141109724003
12524,2966.6495431361427
12525,13062.788313888886
12526,3665.0598309523807
12527,3454.164079657477
12528,11600.212645415695
12529,3962.01395
12530,2811.7184223970744
12531,3387.28141299081
12532,11599.79666208236
12533,3651.5615593766474
12534,3931.5272
12535,4384.603999062048
12536,2723.2676311220775
12537,2948.9452176051564
12538,3417.8336380952383
12539,2946.1447089453345
12540,13872.102
12541,3117.647244973203
12542,3490.269454799549
12543,3480.9683322760566
12544,11529.04512874903
12545,12577.298762268287
12546,12062.41897161537
12547,3005.362118395699
12548,3585.081954593653
12549,11596.637645415696
12550,3393.4141554720136
12551,2944.728834240495
12552,3394.8656833333334
12553,3225.2512824561404
12554,11357.636311111113
12555,12985.272972222225
12556,3462.7396809523807
12557,3003.8728105117493
12558,3232.426249762783
12559,2798.644830550579
12560,2946.524434240495
12561,11599.79666208236
12562,3583.104954593653
12563,3273.41254066246
12564,11531.82112874903
12565,17523.112566666667
12566,3158.0294644463734
12567,12996.564504365078
12568,13006.428461616164
12569,2975.92011510584
12570,3513.6917976190475
12571,12073.834495424895
12572,14313.19
12573,3932.6462
12574,2797.4278748855545
12575,2909.6945752429624
12576,4617.510643810283
12577,13013.289961616163
12578,11608.344328749028
12579,3651.5615593766474
12580,3197.108699580615
12581,2948.9452176051564
12582,11561.16887874903
12583,2714.8742765391985
12584,2994.667573447499
12585,3473.467438095238
12586,11363.079311111112
12587,3136.4251400712424
12588,3234.687793572307
12589,2786.0028688001453
12590,3409.6256833333337
12591,12996.200504365079
12592,3678.2433142857144
12593,3003.431370704501
12594,3236.492793572307
12595,4349.565490728716
12596,2944.728834240495
12597,3426.890182142857
12598,3234.934793572307
12599,12210.26581624019
12600,3455.3652476190473
12601,3470.907488095238
12602,3721.4712000000004
12603,3369.7035
12604,3493.4699152800094
12605,11596.637645415696
12606,12996.200504365079
12607,3013.9278213652738
12608,11534.27212874903
12609,13482.007039285714
12610,3688.2868309523806
12611,3580.0880563252545
12612,3486.5401652800097
12613,4647.237333333334
12614,4624.381083333333
12615,11608.344328749028
12616,3415.2062349206344
12617,12996.200504365079
12618,2884.5562002028682
12619,3232.6732497627827
12620,13488.090372619046
12621,4619.642083333333
12622,3482.2057902800098
12623,3246.4240110275696
12624,2794.6422972547202
12625,5030.9165
12626,3646.4682142857146
12627,12996.564504365078
12628,2985.4488043277292
12629,3113.742492898162
12630,13007.33638531746
12631,13155.151147222221
12632,3486.5401652800097
12633,14176.903481962483
12634,14310.455738564215
12635,3238.2846602389736
12636,3201.344654037999
12637,3124.7144067379086
12638,3671.665080952381
12639,3632.699944993895
12640,3672.4215642857143
12641,3134.4614950567448
12642,3650.6031149322025
12643,3421.888238095238
12644,3588.913746801445
12645,2959.974125612001
12646,3688.2868309523806
12647,12998.750855555554
12648,3240.2616783342114
12649,3580.6903182300166
12650,3454.932680952381
12651,13474.733372619046
12652,3363.43825571492
12653,2726.554048804476
12654,12996.200504365079
12655,3580.0880563252545
12656,2944.6738342404947
12657,13010.264171031748
12658,2974.3442629565266
12659,11422.031827777777
12660,2929.7354398343273
12661,13007.375461616164
12662,13023.416421031747
12663,3176.976867030239
12664,3721.4712000000004
12665,3261.1578920662137
12666,13436.317372619045
12667,2998.099841873516
12668,3388.8856092176143
12669,11443.476577777777
12670,11425.426361111113
12671,11421.067361111112
12672,3263.230892066214
12673,4615.921903334093
12674,3577.4400563252543
12675,2806.8146945532753
12676,3516.3484642857147
12677,11599.413645415696
12678,11422.031827777777
12679,11443.476577777777
12680,3572.8542146187156
12681,3492.543198678562
12682,3002.753268688053
12683,2895.555081732005
12684,11363.079311111112
12685,4290.9376727785375
12686,3472.983680952381
12687,2956.1327097180992
12688,12577.298762268287
12689,13010.01450436508
12690,2994.3598128622566
12691,4625.137916666666
12692,3678.2433142857144
12693,2814.2017641400735
12694,3237.0593822696737
12695,13859.98
12696,3232.6732497627827
12697,11611.12032874903
12698,13010.264171031748
12699,3541.913736215539
12700,3181.5313638765215
12701,3584.6299545936527
12702,2988.7800839661527
12703,11443.476577777777
12704,3226.3218396799675
12705,11419.992361111112
12706,3657.166647619047
12707,2947.1496176051564
12708,2892.622481732005
12709,11419.992361111112
12710,3419.2242380952384
12711,13001.040855555555
12712,3591.0473831650816
12713,3276.283978757698
12714,3661.2158309523807
12715,3405.1689107142856
12716,3118.3791493517965
12717,11511.360861111112
12718,3235.8056165831244
12719,2773.7483259430023
12720,11532.296128749029
12721,3470.907488095238
12722,3195.035699580615
12723,2798.3910415522214
12724,2726.8001230024192
12725,3416.9105380952383
12726,3494.857333333333
12727,13006.792461616164
12728,4646.7266533340935
12729,13010.01450436508
12730,2743.975476668409
12731,13010.264171031748
12732,2961.529793136143
12733,3197.6739662472814
12734,2894.35004559451
12735,3678.7023142857142
12736,3234.934793572307
12737,17293.146399999998
12738,3572.8542146187156
12739,11363.079311111112
12740,11613.571328749029
12741,2971.8527995411405
12742,3221.5175026242077
12743,3130.280680547433
12744,11599.79666208236
12745,13482.007039285714
12746,3649.3981149322026
12747,3487.7360476190474
12748,11363.079311111112
12749,11599.79666208236
12750,3126.549007064706
12751,2952.3767311675565
12752,11357.636311111113
12753,3676.4188476190475
12754,3015.0787669456663
12755,13528.167515476189
12756,13006.428461616164
12757,14064.255238564214
12758,11492.806861111112
12759,2955.6273628889044
12760,2900.86825812952
12761,11599.79666208236
12762,3233.215793572307
12763,3197.026699580615
12764,2977.1073740885236
12765,11599.79666208236
12766,3417.2075880952375
12767,4397.506416666667
12768,2898.178591462854
12769,13010.264171031748
12770,3415.325927694236
12771,2895.555081732005
12772,3468.1929309523807
12773,3577.4400563252543
12774,3236.7501164294495
12775,2947.1496176051564
12776,3418.8380666666662
12777,4604.551916666667
12778,13062.424313888887
12779,3229.14703148898
12780,2732.904384511481
12781,13010.847171031746
12782,3580.0880563252545
12783,3194.3866995806147
12784,11419.992361111112
12785,3222.3452814889797
12786,3933.93145
12787,3665.0598309523807
12788,4394.771077849928
12789,12833.760886219336
12790,3417.239938095238
12791,3478.256188095238
12792,11369.394311111113
12793,3237.0593822696737
12794,4617.510643810283
12795,3675.3734357142853
12796,3234.934793572307
12797,3641.5418642857144
12798,2795.3673748855545
12799,4413.646715151515
12800,13482.007039285714
12801,2808.1088592689507
12802,3008.0703097420505
12803,3235.7852497627828
12804,13436.317372619045
12805,3576.4110563252543
12806,3457.7796809523807
12807,3123.8885598916263
12808,3381.0041744287187
12809,13482.007039285714
12810,2732.912384511481
12811,3117.8668518725212
12812,11357.636311111113
12813,11435.336361111113
12814,2947.3468516673156
12815,11936.029936133633
12816,2898.178591462854
12817,4620.133583333333
12818,11419.992361111112
12819,13010.01450436508
12820,13010.264171031748
12821,4632.808003334093
12822,2929.7354398343273
12823,3598.441318230017
12824,3212.1917443609027
12825,3580.9190563252546
12826,12996.200504365079
12827,3652.9268476190473
12828,2880.4012287286278
12829,2944.6738342404947
12830,11608.344328749028
12831,2796.8582305505793
12832,12180.594835125434
12833,11840.078481588178
12834,12934.228445238095
12835,2969.61896890511
12836,3018.5798740885234
12837,2982.021502147971
12838,3188.59920276541
12839,3676.4188476190475
12840,3438.9604000000004
12841,12545.812731315906
12842,13023.416421031747
12843,12999.098972222224
12844,3138.889995626798
12845,3232.6732497627827
12846,11419.992361111112
12847,3392.4724129908104
12848,4609.926916666667
12849,12996.564504365078
12850,2803.761438054928
12851,3908.664
12852,3237.0593822696737
12853,3472.983680952381
12854,2953.4474589453343
12855,3651.5615593766474
12856,3134.033430547433
12857,11422.031827777777
12858,4603.370461667427
12859,2733.630284667182
12860,3467.9116083333333
12861,11532.296128749029
12862,3224.8094366685955
12863,13023.416421031747
12864,3712.00995
12865,3476.0071880952382
12866,3468.1929309523807
12867,3236.574793572307
12868,4646.7266533340935
12869,3271.63954066246
12870,3261.709892066214
12871,13781.612
12872,11529.04512874903
12873,3261.1578920662137
12874,2963.6247811675566
12875,4381.542915728715
12876,12647.976768181818
12877,13010.264171031748
12878,2956.8204589453344
12879,3482.2057902800098
12880,11531.16912874903
12881,11599.79666208236
12882,3176.796615789474
12883,3233.215793572307
12884,3480.9683322760566
12885,3237.964793572307
12886,2822.4394077493653
12887,11419.992361111112
12888,3397.718655472014
12889,3237.0593822696737
12890,11419.992361111112
12891,3013.1193124476786
12892,13010.01450436508
12893,3130.3424067379087
12894,3017.464222647325
12895,13445.413039285713
12896,3197.026699580615
12897,3486.5401652800097
12898,3486.252838095238
12899,3236.475660238974
12900,4413.646715151515
12901,3389.3629129908104
12902,13810.268
12903,11529.04512874903
12904,11599.79666208236
12905,13076.222961616162
12906,3673.985230952381
12907,11599.79666208236
12908,2808.999130550579
12909,3141.610995626798
12910,3416.9105380952383
12911,11422.031827777777
12912,4603.418071428571
12913,3462.7396809523807
12914,13062.136337698414
12915,11608.344328749028
12916,3122.392398126921
12917,3675.3914357142853
12918,11419.992361111112
12919,12997.356972222224
12920,3173.433937120237
12921,2948.8659589453346
12922,3571.8252146187156
12923,3642.48382159887
12924,2946.3964342404947
12925,2929.7354398343273
12926,2948.9452176051564
12927,3232.813793572307
12928,13482.007039285714
12929,2889.647081732005
12930,2989.965833090924
12931,3458.0526083333334
12932,11425.426361111113
12933,11599.79666208236
12934,2975.7658740885236
12935,11420.282611111112
12936,3273.41254066246
12937,3681.5485809523807
12938,3675.6390476190472
12939,3228.678506346634
12940,11422.031827777777
12941,13482.007039285714
12942,13010.264171031748
12943,3591.3283831650815
12944,2929.7354398343273
12945,13010.01450436508
12946,3149.4815491341988
12947,12985.272972222225
12948,12996.564504365078
12949,2798.3910415522214
12950,3023.94829880548
12951,13010.01450436508
12952,13010.264171031748
12953,3588.913746801445
12954,3133.0634067379087
12955,3013.659961369225
12956,11529.04512874903
12957,2944.728834240495
12958,3632.7605488053473
12959,3193.749699580615
12960,3678.8025809523806
12961,3583.104954593653
12962,3442.898242550947
12963,3678.2433142857144
12964,2956.8204589453344
12965,2880.95733675749
12966,13006.792461616164
12967,2894.9510817320047
12968,4619.642083333333
12969,11357.636311111113
12970,2948.0332097180994
12971,3121.9689949732033
12972,3117.827841659489
12973,13010.264171031748
12974,11363.079311111112
12975,2900.062591462854
12976,3233.8682682513963
12977,4387.628332395382
12978,3398.9676833333338
12979,3212.542436668595
12980,12996.564504365078
12981,3228.678506346634
12982,3635.684944993895
12983,3678.2433142857144
12984,3233.462793572307
12985,2935.1548400642523
12986,11609.64732874903
12987,11365.278311111113
12988,12986.539972222225
12989,3409.6256833333337
12990,13023.366421031747
12991,3179.087867030239
12992,3119.1434067379087
12993,17281.973899999997
12994,3436.2140666666664
12995,3682.595047619047
12996,3478.4032547619045
12997,13062.280961616163
12998,14310.455738564215
12999,2948.9452176051564
13000,13010.264171031748
13001,2714.8742765391985
13002,11443.476577777777
13003,3585.081954593653
13004,2947.1496176051564
13005,3276.68954066246
13006,13445.413039285713
13007,11419.992361111112
13008,3132.022582467532
13009,3462.7396809523807
13010,4384.603999062048
13011,3114.757518539188
13012,3652.459514285714
13013,2731.87079233257
13014,13006.792461616164
13015,3691.489297619047
13016,3582.823954593653
13017,3160.6600241991714
13018,3637.0208642857147
13019,3197.026699580615
13020,17079.512138095237
13021,13010.264171031748
13022,14380.842
13023,11529.04512874903
13024,3163.7292241991713
13025,12998.386855555555
13026,3194.3866995806147
13027,2947.1496176051564
13028,3121.9820598916262
13029,3158.4796
13030,5022.232166666667
13031,3429.4482309523805
13032,3674.411080952381
13033,11599.79666208236
13034,12996.200504365079
13035,12062.41897161537
13036,11608.344328749028
13037,3936.218014285714
13038,2828.771589900839
13039,13482.007039285714
13040,11443.476577777777
13041,3676.4188476190475
13042,11534.74412874903
13043,13434.892057142855
13044,3122.9379949732033
13045,11531.82112874903
13046,11529.04512874903
13047,3228.3948396799674
13048,3168.9154586477634
13049,13023.366421031747
13050,13126.80714722222
13051,13486.757122619047
13052,3242.4812221437355
13053,3672.4215642857143
13054,13000.676855555555
13055,2816.859594553275
13056,11599.79666208236
13057,4992.538166666667
13058,11363.079311111112
13059,2705.8282092653526
13060,3131.84773095238
13061,4382.836320707071
13062,3127.6276379138885
13063,3671.665080952381
13064,2718.097779180076
13065,2805.626194553275
13066,3633.2313930274413
13067,4604.551916666667
13068,16283.19304242424
13069,2995.42194775587
13070,4630.431904761905
13071,11603.047662082361
13072,2805.719527886609
13073,3017.588188897741
13074,11608.344328749028
13075,3178.9266613715668
13076,13436.317372619045
13077,11357.636311111113
13078,3634.2603930274413
13079,12049.47148694916
13080,12503.51454560162
13081,4632.808003334093
13082,11599.79666208236
13083,2947.1496176051564
13084,13467.80351547619
13085,3148.4111153854706
13086,3175.636437120237
13087,3271.6798793529365
13088,3465.586680952381
13089,3153.3435042743595
13090,11377.100311111113
13091,12980.175233333332
13092,2796.1704639213867
13093,3215.8972433445983
13094,11608.344328749028
13095,4604.551916666667
13096,2733.0321088623364
13097,12595.043145238094
13098,3470.127738095238
13099,3233.462793572307
13100,11443.476577777777
13101,3232.024249762783
13102,11596.637645415696
13103,3476.0071880952382
13104,4668.903248697503
13105,2705.8282092653526
13106,3409.6256833333337
13107,3113.6700064111114
13108,11599.79666208236
13109,3226.038506346634
13110,3711.67045
13111,3184.531867030239
13112,3423.6518796574765
13113,4321.268471789322
13114,11599.79666208236
13115,3019.346047104397
13116,3487.6410476190476
13117,3407.3446833333337
13118,12996.200504365079
13119,2998.640690691365
13120,3464.312246324144
13121,11363.079311111112
13122,2721.3788320947547
13123,3151.163251583748
13124,2951.7517097180994
13125,3930.94745
13126,11599.79666208236
13127,11419.992361111112
13128,2999.889573447499
13129,3721.9904500000002
13130,3136.4251400712424
13131,4390.448415728715
13132,3518.4729152800096
13133,12996.200504365079
13134,2955.0704540562565
13135,3632.699944993895
13136,3173.6969371202367
13137,13062.788313888886
13138,2922.696081732005
13139,3473.5946916666667
13140,3651.096980952381
13141,3580.6903182300166
13142,2985.1968696804383
13143,13006.792461616164
13144,3635.9812142857145
13145,3477.7603321428574
13146,4522.6595333333335
13147,11531.16912874903
13148,13062.788313888886
13149,11599.79666208236
13150,3669.255688095238
13151,3634.2603930274413
13152,13020.618461616164
13153,2806.9801305505794
13154,3908.664
13155,11428.346827777777
13156,3233.3711866685953
13157,3191.963009301157
13158,11419.992361111112
13159,11419.992361111112
13160,11840.078481588178
13161,4706.463531237185
13162,3637.739393027441
13163,11357.636311111113
13164,4667.481915364167
13165,12866.746383333333
13166,3228.3128396799675
13167,11481.708861111112
13168,3710.3112
13169,11614.61291208236
13170,2716.6770978881254
13171,2729.320916553813
13172,2948.9452176051564
13173,3109.04336538547
13174,3479.8190476190475
13175,13009.900171031746
13176,13850.793
13177,11534.27212874903
13178,3195.966720085471
13179,11800.97145990898
13180,3013.8571109724003
13181,11529.04512874903
13182,2929.7354398343273
13183,3580.0880563252545
13184,2778.5563259430023
13185,13011.531171031747
13186,3653.4825593766473
13187,2975.9351438450826
13188,13010.264171031748
13189,3232.024249762783
13190,2880.1391668238657
13191,11425.426361111113
13192,3653.1035593766474
13193,13021.253022222223
13194,3412.149927694236
13195,3233.462793572307
13196,3234.1101164294496
13197,12996.200504365079
13198,13006.792461616164
13199,12996.200504365079
13200,3203.821970085471
13201,12989.827961616162
13202,3226.038506346634
13203,12998.750855555554
13204,3398.829800069744
13205,13405.423057142856
13206,3470.907488095238
13207,3168.759789844345
13208,4604.551916666667
13209,2880.1391668238657
13210,13496.229789285713
13211,4626.946272381711
13212,3587.7413831650815
13213,11546.38077874903
13214,2929.7354398343273
13215,12559.126762268286
13216,3003.1792686880535
13217,3398.9676833333338
13218,3668.245830952381
13219,11599.79666208236
13220,3651.096980952381
13221,3135.321430547433
13222,3140.577230952381
13223,2990.730551225276
13224,2975.8705089453338
13225,11443.766827777778
13226,3163.851954109173
13227,3682.775647619047
13228,11600.086662082362
13229,11605.023662082362
13230,2720.135498761421
13231,12711.88958860029
13232,2716.341609872532
13233,13899.028
13234,3197.9979527654104
13235,2808.530319586411
13236,2880.563479019394
13237,4382.836320707071
13238,11608.344328749028
13239,3588.913746801445
13240,2947.1496176051564
13241,2707.8377445724195
13242,2974.3442629565266
13243,13022.877051984126
13244,2946.524434240495
13245,3232.426249762783
13246,3126.9593453000007
13247,3394.8656833333334
13248,2778.5563259430023
13249,2802.6841748855545
13250,11443.476577777777
13251,2736.997254446187
13252,13062.788313888886
13253,11422.031827777777
13254,2970.6707931361425
13255,3417.257938095238
13256,11596.637645415696
13257,4624.8265833333335
13258,3632.699944993895
13259,3383.6292682539683
13260,11433.424361111112
13261,12998.750855555554
13262,3490.572714285714
13263,13436.317372619045
13264,2946.469434240495
13265,13083.982022222222
13266,2709.4052765391984
13267,2894.9510817320047
13268,3683.3558476190474
13269,3645.148
13270,11596.637645415696
13271,2880.4012287286278
13272,2729.206
13273,3021.150197880425
13274,13062.280961616163
13275,3188.4382824561403
13276,3401.5346833333338
13277,12996.200504365079
13278,13010.264171031748
13279,3582.075954593653
13280,3226.3218396799675
13281,3137.944745626798
13282,2883.392828728628
13283,13810.268
13284,3478.256188095238
13285,3678.2433142857144
13286,3416.9105380952383
13287,2929.7354398343273
13288,3196.8915376758528
13289,12857.556988492062
13290,3486.5401652800097
13291,3214.3726856307444
13292,3634.2603930274413
13293,3173.8721713450295
13294,2900.6622581295205
13295,3271.63954066246
13296,3226.3218396799675
13297,2947.1496176051564
13298,11421.067361111112
13299,4632.808003334093
13300,4612.264154761905
13301,14064.255238564214
13302,2714.442498761421
13303,13006.43338531746
13304,14380.842
13305,3470.907488095238
13306,12210.26581624019
13307,11419.992361111112
13308,13010.01450436508
13309,3136.7493653854704
13310,13436.674057142856
13311,3242.523222143736
13312,3192.4399527654105
13313,12997.356972222224
13314,4590.719170000761
13315,3633.611393027441
13316,3634.224944993895
13317,3902.0729142857144
13318,3643.5509642857146
13319,3197.026699580615
13320,3646.926114932203
13321,11596.637645415696
13322,12996.564504365078
13323,2935.1548400642523
13324,3782.557991681226
13325,3470.907488095238
13326,3027.0595130911943
13327,3668.245830952381
13328,3585.6634848966833
13329,13105.148188888888
13330,11529.04512874903
13331,11870.51048396913
13332,11422.031827777777
13333,4639.434238095238
13334,3242.4812221437355
13335,2906.0843988454467
13336,3128.0226567379086
13337,4381.542915728715
13338,2795.3673748855545
13339,3447.4290666666666
13340,3480.9683322760566
13341,3688.2868309523806
13342,3631.670944993895
13343,11529.04512874903
13344,3153.3435042743595
13345,3700.56345
13346,4374.19616118326
13347,3493.4699152800094
13348,13445.413039285713
13349,3930.94745
13350,3197.026699580615
13351,2793.6554721609937
13352,2992.6181994936746
13353,2809.822194553275
13354,11602.57266208236
13355,3232.426249762783
13356,3196.8915376758528
13357,12989.827961616162
13358,3234.934793572307
13359,12996.564504365078
13360,11608.344328749028
13361,3466.762079657477
13362,11419.992361111112
13363,3128.706656737909
13364,12984.908972222223
13365,3654.940980952381
13366,3261.1578920662137
13367,13010.264171031748
13368,11419.992361111112
13369,2797.0314639213866
13370,13482.007039285714
13371,3470.4226809523807
13372,12192.835849411147
13373,13472.696372619046
13374,11536.39612874903
13375,3518.9809152800094
13376,3197.6739662472814
13377,3476.0071880952382
13378,3588.913746801445
13379,13062.280961616163
13380,3934.8390142857143
13381,13006.428461616164
13382,11357.636311111113
13383,3425.4360154761903
13384,11443.476577777777
13385,11419.992361111112
13386,3934.254914285714
13387,3470.4226809523807
13388,2710.3797906764935
13389,3465.586680952381
13390,3234.9411164294497
13391,3447.4290666666666
13392,3910.3062142857143
13393,3161.4456
13394,3143.9987289601313
13395,4604.551916666667
13396,3676.4188476190475
13397,12996.564504365078
13398,2954.4744795555716
13399,3426.0447880952383
13400,3387.4564129908103
13401,3442.6388714285713
13402,4992.538166666667
13403,11632.58541208236
13404,2954.4744795555716
13405,13006.792461616164
13406,3232.6732497627827
13407,3271.63954066246
13408,3139.094495626798
13409,11596.637645415696
13410,11608.344328749028
13411,13482.007039285714
13412,12996.200504365079
13413,3164.57275
13414,13010.01450436508
13415,2944.728834240495
13416,13042.792337698413
13417,2987.0482589453336
13418,2777.5029926096695
13419,4407.29891118326
13420,3706.8704500000003
13421,11357.636311111113
13422,3907.7136666666665
13423,11529.04512874903
13424,2948.9452176051564
13425,2733.647384511481
13426,13434.892057142855
13427,11529.04512874903
13428,13875.951
13429,13002.77750436508
13430,11622.909978749029
13431,11419.992361111112
13432,3588.913746801445
13433,3678.8025809523806
13434,13043.334022222223
13435,3494.8721333333333
13436,11419.992361111112
13437,2909.295908576296
13438,4626.946272381711
13439,4624.381083333333
13440,3124.7144067379086
13441,11419.992361111112
13442,3937.4647999999997
13443,16209.296692027412
13444,3398.9676833333338
13445,3966.0129593475663
13446,3164.407150955456
13447,3197.6739662472814
13448,3238.0467935723073
13449,4625.137916666666
13450,3518.2399152800094
13451,4604.551916666667
13452,3470.4226809523807
13453,12996.200504365079
13454,3173.6969371202367
13455,3197.026699580615
13456,3271.9268793529363
13457,13010.264171031748
13458,13875.951
13459,13010.264171031748
13460,2807.6451748855548
13461,3481.506532142857
13462,3493.4699152800094
13463,11599.79666208236
13464,11599.79666208236
13465,3135.321430547433
13466,12996.200504365079
13467,13496.794789285714
13468,2877.491166823866
13469,3236.574793572307
13470,3238.61964893634
13471,3478.256188095238
13472,3493.4699152800094
13473,11599.79666208236
13474,3472.983680952381
13475,3117.9917564111115
13476,3676.4188476190475
13477,4691.837082030835
13478,13001.040855555555
13479,4332.645767243866
13480,12485.216213142414
13481,3486.5401652800097
13482,3377.9645224654773
13483,2903.842798845447
13484,2764.8774342017027
